County;City;Male population;Female population;All population
BUD;Budapest;781744;913156;1694900
BAC;Kecskemét;52603;59076;111679
BAC;Bácsalmás;3479;3742;7221
BAC;Baja;17601;19994;37595
BAC;Dunavecse;1991;2097;4088
BAC;Hajós;1508;1708;3216
BAC;Izsák;2920;3164;6084
BAC;Jánoshalma;4558;4895;9453
BAC;Kalocsa;8228;9277;17505
BAC;Kecel;4234;4736;8970
BAC;Kerekegyháza;3187;3292;6479
BAC;Kiskőrös;6921;7769;14690
BAC;Kiskunfélegyháza;14774;16456;31230
BAC;Kiskunhalas;14104;15563;29667
BAC;Kiskunmajsa;5722;6182;11904
BAC;Kunszentmiklós;4192;4442;8634
BAC;Lajosmizse;5786;5914;11700
BAC;Mélykút;2619;2893;5512
BAC;Solt;3296;3539;6835
BAC;Soltvadkert;3726;3944;7670
BAC;Szabadszállás;3139;3397;6536
BAC;Tiszakécske;5595;5991;11586
BAC;Tompa;2256;2461;4717
BAC;Bácsbokod;1437;1489;2926
BAC;Bugac;1374;1463;2837
BAC;Dunapataj;1656;1724;3380
BAC;Harta;1778;1891;3669
BAC;Lakitelek;2303;2343;4646
BAC;Sükösd;1890;1988;3878
BAC;Tiszaalpár;2450;2663;5113
BAC;Ágasegyháza;939;1004;1943
BAC;Akasztó;1704;1778;3482
BAC;Apostag;1049;1055;2104
BAC;Bácsborsód;613;655;1268
BAC;Bácsszentgyörgy;91;91;182
BAC;Bácsszőlős;172;193;365
BAC;Ballószög;1636;1759;3395
BAC;Balotaszállás;772;806;1578
BAC;Bátmonostor;789;836;1625
BAC;Bátya;1074;1095;2169
BAC;Bócsa;943;942;1885
BAC;Borota;665;744;1409
BAC;Bugacpusztaháza;152;151;303
BAC;Császártöltés;1190;1322;2512
BAC;Csátalja;761;795;1556
BAC;Csávoly;962;1006;1968
BAC;Csengőd;1058;1165;2223
BAC;Csikéria;437;475;912
BAC;Csólyospálos;841;870;1711
BAC;Dávod;1014;1157;2171
BAC;Drágszél;188;193;381
BAC;Dunaegyháza;768;750;1518
BAC;Dunafalva;467;480;947
BAC;Dunaszentbenedek;442;460;902
BAC;Dunatetétlen;304;321;625
BAC;Dusnok;1570;1624;3194
BAC;Érsekcsanád;1465;1499;2964
BAC;Érsekhalma;326;341;667
BAC;Fajsz;891;913;1804
BAC;Felsőlajos;494;495;989
BAC;Felsőszentiván;918;1024;1942
BAC;Foktő;814;861;1675
BAC;Fülöpháza;443;457;900
BAC;Fülöpjakab;603;540;1143
BAC;Fülöpszállás;1173;1245;2418
BAC;Gara;1144;1258;2402
BAC;Gátér;478;516;994
BAC;Géderlak;519;554;1073
BAC;Harkakötöny;435;478;913
BAC;Helvécia;2244;2318;4562
BAC;Hercegszántó;985;1087;2072
BAC;Homokmégy;698;757;1455
BAC;Imrehegy;365;363;728
BAC;Jakabszállás;1349;1401;2750
BAC;Jászszentlászló;1225;1334;2559
BAC;Kaskantyú;550;481;1031
BAC;Katymár;1056;1154;2210
BAC;Kelebia;1304;1463;2767
BAC;Kéleshalom;220;236;456
BAC;Kisszállás;1253;1323;2576
BAC;Kömpöc;333;387;720
BAC;Kunadacs;807;782;1589
BAC;Kunbaja;804;854;1658
BAC;Kunbaracs;332;322;654
BAC;Kunfehértó;1053;1154;2207
BAC;Kunpeszér;349;353;702
BAC;Kunszállás;807;900;1707
BAC;Ladánybene;890;823;1713
BAC;Madaras;1452;1611;3063
BAC;Mátételke;263;290;553
BAC;Miske;890;966;1856
BAC;Móricgát;240;268;508
BAC;Nagybaracska;1138;1243;2381
BAC;Nemesnádudvar;940;1020;1960
BAC;Nyárlőrinc;1136;1206;2342
BAC;Ordas;212;254;466
BAC;Orgovány;1608;1771;3379
BAC;Öregcsertő;454;437;891
BAC;Páhi;616;634;1250
BAC;Pálmonostora;923;969;1892
BAC;Petőfiszállás;795;787;1582
BAC;Pirtó;516;488;1004
BAC;Rém;666;682;1348
BAC;Soltszentimre;635;693;1328
BAC;Szakmár;622;624;1246
BAC;Szalkszentmárton;1476;1462;2938
BAC;Szank;1243;1304;2547
BAC;Szentkirály;988;985;1973
BAC;Szeremle;737;794;1531
BAC;Tabdi;578;585;1163
BAC;Tass;1552;1548;3100
BAC;Tataháza;605;702;1307
BAC;Tázlár;862;884;1746
BAC;Tiszaug;477;496;973
BAC;Újsolt;91;91;182
BAC;Újtelek;198;227;425
BAC;Uszód;516;588;1104
BAC;Városföld;1100;1131;2231
BAC;Vaskút;1702;1916;3618
BAC;Zsana;425;396;821
BAR;Pécs;71270;82211;153481
BAR;Bóly;1875;2001;3876
BAR;Harkány;1968;2171;4139
BAR;Komló;12542;13693;26235
BAR;Kozármisleny;2972;3098;6070
BAR;Mágocs;1181;1269;2450
BAR;Mohács;9295;10278;19573
BAR;Pécsvárad;1953;2076;4029
BAR;Sásd;1625;1719;3344
BAR;Sellye;1412;1487;2899
BAR;Siklós;4759;5432;10191
BAR;Szentlőrinc;3300;3582;6882
BAR;Szigetvár;5160;5866;11026
BAR;Villány;1203;1338;2541
BAR;Beremend;1300;1324;2624
BAR;Szászvár;1225;1292;2517
BAR;Vajszló;895;989;1884
BAR;Abaliget;315;338;653
BAR;Adorjás;110;101;211
BAR;Ág;101;97;198
BAR;Almamellék;226;238;464
BAR;Almáskeresztúr;45;45;90
BAR;Alsómocsolád;181;179;360
BAR;Alsószentmárton;640;583;1223
BAR;Apátvarasd;70;67;137
BAR;Aranyosgadány;189;196;385
BAR;Áta;108;109;217
BAR;Babarc;367;409;776
BAR;Babarcszőlős;76;67;143
BAR;Bakóca;157;169;326
BAR;Bakonya;186;186;372
BAR;Baksa;394;410;804
BAR;Bánfa;100;98;198
BAR;Bár;295;289;584
BAR;Baranyahídvég;113;96;209
BAR;Baranyajenő;223;263;486
BAR;Baranyaszentgyörgy;76;72;148
BAR;Basal;109;101;210
BAR;Belvárdgyula;222;231;453
BAR;Berkesd;452;439;891
BAR;Besence;73;59;132
BAR;Bezedek;130;141;271
BAR;Bicsérd;515;540;1055
BAR;Bikal;388;386;774
BAR;Birján;266;295;561
BAR;Bisse;121;131;252
BAR;Boda;218;223;441
BAR;Bodolyabér;129;129;258
BAR;Bogád;546;545;1091
BAR;Bogádmindszent;230;223;453
BAR;Bogdása;155;159;314
BAR;Boldogasszonyfa;242;216;458
BAR;Borjád;235;217;452
BAR;Bosta;79;77;156
BAR;Botykapeterd;190;174;364
BAR;Bükkösd;615;567;1182
BAR;Bürüs;42;54;96
BAR;Csányoszró;370;368;738
BAR;Csarnóta;70;77;147
BAR;Csebény;55;49;104
BAR;Cserdi;221;205;426
BAR;Cserkút;290;274;564
BAR;Csertő;209;228;437
BAR;Csonkamindszent;88;92;180
BAR;Cún;137;123;260
BAR;Dencsháza;310;300;610
BAR;Dinnyeberki;48;48;96
BAR;Diósviszló;379;383;762
BAR;Drávacsehi;121;123;244
BAR;Drávacsepely;115;110;225
BAR;Drávafok;264;274;538
BAR;Drávaiványi;108;113;221
BAR;Drávakeresztúr;59;62;121
BAR;Drávapalkonya;145;147;292
BAR;Drávapiski;66;61;127
BAR;Drávaszabolcs;337;354;691
BAR;Drávaszerdahely;109;102;211
BAR;Drávasztára;223;235;458
BAR;Dunaszekcső;1011;1080;2091
BAR;Egerág;522;529;1051
BAR;Egyházasharaszti;159;162;321
BAR;Egyházaskozár;405;430;835
BAR;Ellend;114;123;237
BAR;Endrőc;207;199;406
BAR;Erdősmárok;57;39;96
BAR;Erdősmecske;202;220;422
BAR;Erzsébet;162;154;316
BAR;Fazekasboda;107;121;228
BAR;Feked;104;109;213
BAR;Felsőegerszeg;63;71;134
BAR;Felsőszentmárton;470;562;1032
BAR;Garé;162;162;324
BAR;Gerde;274;320;594
BAR;Gerényes;135;125;260
BAR;Geresdlak;402;430;832
BAR;Gilvánfa;223;204;427
BAR;Gordisa;145;146;291
BAR;Gödre;477;472;949
BAR;Görcsöny;781;842;1623
BAR;Görcsönydoboka;217;200;417
BAR;Gyód;345;346;691
BAR;Gyöngyfa;83;75;158
BAR;Gyöngyösmellék;174;153;327
BAR;Hásságy;143;156;299
BAR;Hegyhátmaróc;89;84;173
BAR;Hegyszentmárton;219;232;451
BAR;Helesfa;261;266;527
BAR;Hetvehely;246;244;490
BAR;Hidas;1080;1144;2224
BAR;Himesháza;514;586;1100
BAR;Hirics;130;118;248
BAR;Hobol;472;510;982
BAR;Homorúd;310;331;641
BAR;Horváthertelend;42;38;80
BAR;Hosszúhetény;1678;1729;3407
BAR;Husztót;32;40;72
BAR;Ibafa;124;119;243
BAR;Illocska;126;123;249
BAR;Ipacsfa;110;118;228
BAR;Ivánbattyán;66;73;139
BAR;Ivándárda;122;130;252
BAR;Kacsóta;130;153;283
BAR;Kákics;120;116;236
BAR;Kárász;177;178;355
BAR;Kásád;161;173;334
BAR;Katádfa;90;93;183
BAR;Kátoly;162;183;345
BAR;Kékesd;97;87;184
BAR;Kémes;251;256;507
BAR;Kemse;37;26;63
BAR;Keszü;658;652;1310
BAR;Kétújfalu;352;361;713
BAR;Királyegyháza;525;482;1007
BAR;Kisasszonyfa;111;97;208
BAR;Kisbeszterce;50;41;91
BAR;Kisbudmér;66;51;117
BAR;Kisdér;63;68;131
BAR;Kisdobsza;123;123;246
BAR;Kishajmás;122;120;242
BAR;Kisharsány;282;275;557
BAR;Kisherend;106;102;208
BAR;Kisjakabfalva;98;68;166
BAR;Kiskassa;144;135;279
BAR;Kislippó;151;138;289
BAR;Kisnyárád;111;98;209
BAR;Kisszentmárton;152;140;292
BAR;Kistamási;63;77;140
BAR;Kistapolca;105;110;215
BAR;Kistótfalu;174;160;334
BAR;Kisvaszar;178;174;352
BAR;Kórós;134;116;250
BAR;Kovácshida;138;157;295
BAR;Kovácsszénája;35;41;76
BAR;Köblény;120;127;247
BAR;Kökény;336;330;666
BAR;Kölked;548;551;1099
BAR;Kővágószőlős;657;679;1336
BAR;Kővágótöttös;174;203;377
BAR;Lánycsók;1294;1332;2626
BAR;Lapáncsa;107;108;215
BAR;Liget;220;210;430
BAR;Lippó;275;269;544
BAR;Liptód;112;120;232
BAR;Lothárd;126;142;268
BAR;Lovászhetény;148;142;290
BAR;Lúzsok;139;125;264
BAR;Magyarbóly;484;521;1005
BAR;Magyaregregy;373;418;791
BAR;Magyarhertelend;351;337;688
BAR;Magyarlukafa;50;54;104
BAR;Magyarmecske;157;182;339
BAR;Magyarsarlós;149;175;324
BAR;Magyarszék;561;574;1135
BAR;Magyartelek;109;128;237
BAR;Majs;511;552;1063
BAR;Mánfa;436;421;857
BAR;Maráza;92;106;198
BAR;Márfa;113;116;229
BAR;Máriakéménd;278;270;548
BAR;Markóc;29;40;69
BAR;Marócsa;56;55;111
BAR;Márok;227;252;479
BAR;Martonfa;103;126;229
BAR;Matty;178;189;367
BAR;Máza;622;665;1287
BAR;Mecseknádasd;763;862;1625
BAR;Mecsekpölöske;221;221;442
BAR;Mekényes;156;152;308
BAR;Merenye;153;154;307
BAR;Meződ;74;64;138
BAR;Mindszentgodisa;427;445;872
BAR;Molvány;101;106;207
BAR;Monyoród;104;86;190
BAR;Mozsgó;499;471;970
BAR;Nagybudmér;107;109;216
BAR;Nagycsány;89;84;173
BAR;Nagydobsza;343;346;689
BAR;Nagyhajmás;227;164;391
BAR;Nagyharsány;765;805;1570
BAR;Nagykozár;930;994;1924
BAR;Nagynyárád;348;386;734
BAR;Nagypall;216;227;443
BAR;Nagypeterd;322;322;644
BAR;Nagytótfalu;202;207;409
BAR;Nagyváty;182;187;369
BAR;Nemeske;141;130;271
BAR;Nyugotszenterzsébet;137;122;259
BAR;Óbánya;75;81;156
BAR;Ócsárd;227;226;453
BAR;Ófalu;164;176;340
BAR;Okorág;105;78;183
BAR;Okorvölgy;48;42;90
BAR;Olasz;301;329;630
BAR;Old;181;180;361
BAR;Orfű;499;500;999
BAR;Oroszló;166;178;344
BAR;Ózdfalu;104;91;195
BAR;Palé;61;54;115
BAR;Palkonya;158;167;325
BAR;Palotabozsok;489;494;983
BAR;Páprád;85;93;178
BAR;Patapoklosi;209;201;410
BAR;Pécsbagota;59;47;106
BAR;Pécsdevecser;46;72;118
BAR;Pécsudvard;397;391;788
BAR;Pellérd;1130;1158;2288
BAR;Pereked;90;88;178
BAR;Peterd;110;97;207
BAR;Pettend;67;82;149
BAR;Piskó;143;122;265
BAR;Pócsa;94;98;192
BAR;Pogány;590;642;1232
BAR;Rádfalva;118;128;246
BAR;Regenye;83;75;158
BAR;Romonya;227;248;475
BAR;Rózsafa;192;216;408
BAR;Sámod;96;105;201
BAR;Sárok;71;61;132
BAR;Sátorhely;334;347;681
BAR;Siklósbodony;77;76;153
BAR;Siklósnagyfalu;228;222;450
BAR;Somberek;758;838;1596
BAR;Somogyapáti;265;255;520
BAR;Somogyhárságy;240;226;466
BAR;Somogyhatvan;204;197;401
BAR;Somogyviszló;125;135;260
BAR;Sósvertike;102;91;193
BAR;Sumony;241;248;489
BAR;Szabadszentkirály;409;426;835
BAR;Szágy;78;79;157
BAR;Szajk;427;441;868
BAR;Szalánta;591;664;1255
BAR;Szalatnak;182;189;371
BAR;Szaporca;135;136;271
BAR;Szárász;30;21;51
BAR;Szava;182;182;364
BAR;Szebény;200;233;433
BAR;Szederkény;862;1009;1871
BAR;Székelyszabar;319;326;645
BAR;Szellő;72;74;146
BAR;Szemely;235;255;490
BAR;Szentdénes;173;160;333
BAR;Szentegát;212;218;430
BAR;Szentkatalin;71;64;135
BAR;Szentlászló;407;452;859
BAR;Szilágy;148;159;307
BAR;Szilvás;81;89;170
BAR;Szőke;80;66;146
BAR;Szőkéd;189;208;397
BAR;Szörény;40;35;75
BAR;Szulimán;127;133;260
BAR;Szűr;141;161;302
BAR;Tarrós;59;72;131
BAR;Tékes;147;132;279
BAR;Teklafalu;169;190;359
BAR;Tengeri;34;39;73
BAR;Tésenfa;100;107;207
BAR;Téseny;173;171;344
BAR;Tófű;74;71;145
BAR;Tormás;168;169;337
BAR;Tótszentgyörgy;88;89;177
BAR;Töttös;306;286;592
BAR;Túrony;137;146;283
BAR;Udvar;79;86;165
BAR;Újpetre;561;551;1112
BAR;Várad;67;58;125
BAR;Varga;57;52;109
BAR;Vásárosbéc;99;95;194
BAR;Vásárosdombó;561;620;1181
BAR;Vázsnok;69;65;134
BAR;Vejti;94;86;180
BAR;Vékény;85;64;149
BAR;Velény;96;76;172
BAR;Véménd;775;800;1575
BAR;Versend;457;511;968
BAR;Villánykövesd;137;161;298
BAR;Vokány;438;460;898
BAR;Zádor;156;177;333
BAR;Zaláta;144;140;284
BAR;Zengővárkony;213;214;427
BAR;Zók;143;151;294
BEK;Békéscsaba;29291;33438;62729
BEK;Battonya;2917;3117;6034
BEK;Békés;10159;10711;20870
BEK;Csorvás;2600;2764;5364
BEK;Dévaványa;4044;4112;8156
BEK;Elek;2457;2624;5081
BEK;Füzesgyarmat;2963;3066;6029
BEK;Gyomaendrőd;6946;7533;14479
BEK;Gyula;15206;16875;32081
BEK;Körösladány;2356;2516;4872
BEK;Medgyesegyháza;1865;2013;3878
BEK;Mezőberény;5267;5644;10911
BEK;Mezőhegyes;2772;2941;5713
BEK;Mezőkovácsháza;3015;3382;6397
BEK;Orosháza;14419;15821;30240
BEK;Sarkad;5121;5504;10625
BEK;Szarvas;8263;8942;17205
BEK;Szeghalom;4804;4828;9632
BEK;Tótkomlós;3038;3283;6321
BEK;Újkígyós;2676;2854;5530
BEK;Vésztő;3799;3798;7597
BEK;Békésszentandrás;1898;1954;3852
BEK;Csabacsűd;956;990;1946
BEK;Doboz;2167;2271;4438
BEK;Dombegyház;1072;1109;2181
BEK;Gádoros;1997;2039;4036
BEK;Kétegyháza;1896;2069;3965
BEK;Kevermes;1034;1092;2126
BEK;Kondoros;2607;2781;5388
BEK;Nagyszénás;2586;2726;5312
BEK;Almáskamarás;489;496;985
BEK;Békéssámson;1260;1258;2518
BEK;Bélmegyer;559;522;1081
BEK;Biharugra;474;512;986
BEK;Bucsa;1184;1214;2398
BEK;Csabaszabadi;197;183;380
BEK;Csanádapáca;1355;1424;2779
BEK;Csárdaszállás;257;248;505
BEK;Dombiratos;295;328;623
BEK;Ecsegfalva;673;664;1337
BEK;Gerendás;685;721;1406
BEK;Geszt;402;418;820
BEK;Hunya;336;362;698
BEK;Kamut;542;571;1113
BEK;Kardos;358;341;699
BEK;Kardoskút;461;460;921
BEK;Kaszaper;999;1046;2045
BEK;Kertészsziget;227;190;417
BEK;Kétsoprony;742;729;1471
BEK;Kisdombegyház;262;277;539
BEK;Körösnagyharsány;316;350;666
BEK;Köröstarcsa;1362;1390;2752
BEK;Körösújfalu;294;284;578
BEK;Kötegyán;738;777;1515
BEK;Kunágota;1414;1505;2919
BEK;Lőkösháza;908;984;1892
BEK;Magyarbánhegyes;1211;1247;2458
BEK;Magyardombegyház;150;119;269
BEK;Medgyesbodzás;573;589;1162
BEK;Méhkerék;1086;1080;2166
BEK;Mezőgyán;604;609;1213
BEK;Murony;657;702;1359
BEK;Nagybánhegyes;659;736;1395
BEK;Nagykamarás;717;810;1527
BEK;Okány;1330;1361;2691
BEK;Örménykút;231;195;426
BEK;Pusztaföldvár;950;970;1920
BEK;Pusztaottlaka;196;199;395
BEK;Sarkadkeresztúr;838;890;1728
BEK;Szabadkígyós;1394;1400;2794
BEK;Tarhos;426;480;906
BEK;Telekgerendás;814;817;1631
BEK;Újszalonta;60;56;116
BEK;Végegyháza;763;757;1520
BEK;Zsadány;888;853;1741
BOR;Miskolc;79033;89883;168916
BOR;Abaújszántó;1555;1630;3185
BOR;Alsózsolca;2921;3019;5940
BOR;Borsodnádasd;1647;1703;3350
BOR;Cigánd;1627;1626;3253
BOR;Edelény;5099;5408;10507
BOR;Emőd;2607;2698;5305
BOR;Encs;3166;3454;6620
BOR;Felsőzsolca;3451;3677;7128
BOR;Gönc;1072;1140;2212
BOR;Kazincbarcika;14529;15797;30326
BOR;Mezőcsát;3163;3213;6376
BOR;Mezőkeresztes;1979;2115;4094
BOR;Mezőkövesd;8067;8891;16958
BOR;Nyékládháza;2498;2653;5151
BOR;Ózd;18017;19892;37909
BOR;Pálháza;559;581;1140
BOR;Putnok;3537;3758;7295
BOR;Rudabánya;1375;1426;2801
BOR;Sajóbábony;1408;1516;2924
BOR;Sajószentpéter;6376;6734;13110
BOR;Sárospatak;6333;6794;13127
BOR;Sátoraljaújhely;7782;8559;16341
BOR;Szendrő;2106;2184;4290
BOR;Szerencs;4500;5144;9644
BOR;Szikszó;2785;3067;5852
BOR;Tiszaújváros;8441;9493;17934
BOR;Tokaj;1996;2210;4206
BOR;Arló;1995;1985;3980
BOR;Izsófalva;961;906;1867
BOR;Múcsony;1634;1670;3304
BOR;Onga;2404;2531;4935
BOR;Ricse;890;947;1837
BOR;Szentistván;1220;1363;2583
BOR;Szirmabesenyő;2251;2282;4533
BOR;Taktaharkány;1865;1960;3825
BOR;Tiszalúc;2669;2835;5504
BOR;Abaújalpár;46;40;86
BOR;Abaújkér;329;378;707
BOR;Abaújlak;69;58;127
BOR;Abaújszolnok;95;103;198
BOR;Abaújvár;116;118;234
BOR;Abod;113;119;232
BOR;Aggtelek;291;303;594
BOR;Alacska;401;433;834
BOR;Alsóberecki;423;405;828
BOR;Alsódobsza;159;170;329
BOR;Alsógagy;48;66;114
BOR;Alsóregmec;102;113;215
BOR;Alsószuha;251;227;478
BOR;Alsótelekes;71;100;171
BOR;Alsóvadász;767;828;1595
BOR;Arka;59;60;119
BOR;Arnót;1265;1346;2611
BOR;Ároktő;601;609;1210
BOR;Aszaló;901;959;1860
BOR;Baktakék;383;382;765
BOR;Balajt;238;253;491
BOR;Bánhorváti;705;788;1493
BOR;Bánréve;662;709;1371
BOR;Baskó;84;115;199
BOR;Becskeháza;23;22;45
BOR;Bekecs;1309;1317;2626
BOR;Berente;541;629;1170
BOR;Beret;148;135;283
BOR;Berzék;487;518;1005
BOR;Bodroghalom;705;746;1451
BOR;Bodrogkeresztúr;543;661;1204
BOR;Bodrogkisfalud;449;468;917
BOR;Bodrogolaszi;486;505;991
BOR;Bódvalenke;99;111;210
BOR;Bódvarákó;60;49;109
BOR;Bódvaszilas;557;578;1135
BOR;Bogács;946;1097;2043
BOR;Boldogkőújfalu;273;298;571
BOR;Boldogkőváralja;512;533;1045
BOR;Boldva;1203;1255;2458
BOR;Borsodbóta;447;483;930
BOR;Borsodgeszt;128;158;286
BOR;Borsodivánka;348;390;738
BOR;Borsodszentgyörgy;574;655;1229
BOR;Borsodszirák;601;650;1251
BOR;Bózsva;102;97;199
BOR;Bőcs;1436;1471;2907
BOR;Bükkábrány;806;884;1690
BOR;Bükkaranyos;736;798;1534
BOR;Bükkmogyorósd;71;78;149
BOR;Bükkszentkereszt;603;618;1221
BOR;Bükkzsérc;482;561;1043
BOR;Büttös;103;112;215
BOR;Csenyéte;265;276;541
BOR;Cserépfalu;488;548;1036
BOR;Cserépváralja;203;252;455
BOR;Csernely;417;423;840
BOR;Csincse;288;320;608
BOR;Csobád;358;358;716
BOR;Csobaj;375;367;742
BOR;Csokvaomány;443;485;928
BOR;Damak;127;137;264
BOR;Dámóc;216;213;429
BOR;Debréte;12;7;19
BOR;Dédestapolcsány;758;793;1551
BOR;Detek;148;158;306
BOR;Domaháza;456;465;921
BOR;Dövény;141;167;308
BOR;Dubicsány;158;162;320
BOR;Egerlövő;293;291;584
BOR;Égerszög;27;36;63
BOR;Erdőbénye;630;681;1311
BOR;Erdőhorváti;315;322;637
BOR;Fáj;205;183;388
BOR;Fancsal;160;196;356
BOR;Farkaslyuk;1018;1003;2021
BOR;Felsőberecki;158;152;310
BOR;Felsődobsza;442;488;930
BOR;Felsőgagy;103;103;206
BOR;Felsőkelecsény;204;200;404
BOR;Felsőnyárád;506;550;1056
BOR;Felsőregmec;178;176;354
BOR;Felsőtelekes;398;400;798
BOR;Felsővadász;275;263;538
BOR;Filkeháza;61;70;131
BOR;Fony;186;199;385
BOR;Forró;1312;1370;2682
BOR;Fulókércs;197;194;391
BOR;Füzér;211;250;461
BOR;Füzérkajata;61;67;128
BOR;Füzérkomlós;204;189;393
BOR;Füzérradvány;185;178;363
BOR;Gadna;150;135;285
BOR;Gagyapáti;15;13;28
BOR;Gagybátor;108;107;215
BOR;Gagyvendégi;112;122;234
BOR;Galvács;52;56;108
BOR;Garadna;211;219;430
BOR;Gelej;319;311;630
BOR;Gesztely;1428;1491;2919
BOR;Gibárt;174;202;376
BOR;Girincs;410;442;852
BOR;Golop;289;322;611
BOR;Gömörszőlős;39;41;80
BOR;Göncruszka;313;343;656
BOR;Györgytarló;314;327;641
BOR;Halmaj;841;956;1797
BOR;Hangács;296;325;621
BOR;Hangony;824;837;1661
BOR;Háromhuta;71;78;149
BOR;Harsány;1060;1053;2113
BOR;Hegymeg;58;71;129
BOR;Hejce;128;147;275
BOR;Hejőbába;976;1001;1977
BOR;Hejőkeresztúr;540;537;1077
BOR;Hejőkürt;148;158;306
BOR;Hejőpapi;656;614;1270
BOR;Hejőszalonta;435;430;865
BOR;Hercegkút;310;376;686
BOR;Hernádbűd;68;87;155
BOR;Hernádcéce;102;106;208
BOR;Hernádkak;875;879;1754
BOR;Hernádkércs;153;170;323
BOR;Hernádnémeti;1850;1868;3718
BOR;Hernádpetri;122;134;256
BOR;Hernádszentandrás;219;237;456
BOR;Hernádszurdok;104;103;207
BOR;Hernádvécse;479;465;944
BOR;Hét;286;258;544
BOR;Hidasnémeti;562;592;1154
BOR;Hidvégardó;330;358;688
BOR;Hollóháza;474;535;1009
BOR;Homrogd;488;488;976
BOR;Igrici;655;664;1319
BOR;Imola;44;56;100
BOR;Ináncs;625;661;1286
BOR;Irota;40;50;90
BOR;Jákfalva;278;272;550
BOR;Járdánháza;883;981;1864
BOR;Jósvafő;163;157;320
BOR;Kács;259;273;532
BOR;Kánó;87;88;175
BOR;Kány;32;29;61
BOR;Karcsa;957;993;1950
BOR;Karos;260;273;533
BOR;Kázsmárk;510;521;1031
BOR;Kéked;111;120;231
BOR;Kelemér;252;277;529
BOR;Kenézlő;697;689;1386
BOR;Keresztéte;37;37;74
BOR;Kesznyéten;945;949;1894
BOR;Királd;451;458;909
BOR;Kiscsécs;109;101;210
BOR;Kisgyőr;847;872;1719
BOR;Kishuta;160;160;320
BOR;Kiskinizs;179;180;359
BOR;Kisrozvágy;93;102;195
BOR;Kissikátor;164;181;345
BOR;Kistokaj;1063;1099;2162
BOR;Komjáti;133;128;261
BOR;Komlóska;155;159;314
BOR;Kondó;310;327;637
BOR;Korlát;154;174;328
BOR;Kovácsvágás;328;322;650
BOR;Köröm;717;704;1421
BOR;Krasznokvajda;272;268;540
BOR;Kupa;84;92;176
BOR;Kurityán;844;849;1693
BOR;Lácacséke;201;184;385
BOR;Ládbesenyő;157;147;304
BOR;Lak;324;328;652
BOR;Legyesbénye;814;836;1650
BOR;Léh;224;249;473
BOR;Lénárddaróc;139;170;309
BOR;Litka;23;28;51
BOR;Mád;1103;1261;2364
BOR;Makkoshotyka;455;485;940
BOR;Mályi;2145;2195;4340
BOR;Mályinka;257;251;508
BOR;Martonyi;228;267;495
BOR;Megyaszó;1409;1420;2829
BOR;Méra;884;901;1785
BOR;Meszes;102;98;200
BOR;Mezőnagymihály;548;571;1119
BOR;Mezőnyárád;824;861;1685
BOR;Mezőzombor;1227;1322;2549
BOR;Mikóháza;270;300;570
BOR;Mogyoróska;37;42;79
BOR;Monaj;132;124;256
BOR;Monok;819;886;1705
BOR;Muhi;268;271;539
BOR;Nagybarca;461;478;939
BOR;Nagycsécs;442;420;862
BOR;Nagyhuta;49;46;95
BOR;Nagykinizs;193;187;380
BOR;Nagyrozvágy;356;364;720
BOR;Négyes;143;155;298
BOR;Nekézseny;387;404;791
BOR;Nemesbikk;460;522;982
BOR;Novajidrány;731;729;1460
BOR;Nyésta;34;24;58
BOR;Nyíri;215;232;447
BOR;Nyomár;161;189;350
BOR;Olaszliszka;817;913;1730
BOR;Ónod;1250;1262;2512
BOR;Ormosbánya;837;885;1722
BOR;Oszlár;202;216;418
BOR;Pácin;749;769;1518
BOR;Pamlény;27;28;55
BOR;Pányok;35;41;76
BOR;Parasznya;605;659;1264
BOR;Pere;168;196;364
BOR;Perecse;16;22;38
BOR;Perkupa;458;466;924
BOR;Prügy;1311;1323;2634
BOR;Pusztafalu;117;113;230
BOR;Pusztaradvány;120;131;251
BOR;Radostyán;313;334;647
BOR;Ragály;336;349;685
BOR;Rakaca;430;436;866
BOR;Rakacaszend;196;217;413
BOR;Rásonysápberencs;302;299;601
BOR;Rátka;447;523;970
BOR;Regéc;54;49;103
BOR;Répáshuta;235;269;504
BOR;Révleányvár;265;285;550
BOR;Rudolftelep;374;386;760
BOR;Sajóecseg;537;558;1095
BOR;Sajógalgóc;195;199;394
BOR;Sajóhídvég;531;565;1096
BOR;Sajóivánka;322;325;647
BOR;Sajókápolna;205;212;417
BOR;Sajókaza;1634;1600;3234
BOR;Sajókeresztúr;775;848;1623
BOR;Sajólád;1499;1596;3095
BOR;Sajólászlófalva;228;236;464
BOR;Sajómercse;121;128;249
BOR;Sajónémeti;266;293;559
BOR;Sajóörös;652;648;1300
BOR;Sajópálfala;375;407;782
BOR;Sajópetri;751;854;1605
BOR;Sajópüspöki;261;282;543
BOR;Sajósenye;241;208;449
BOR;Sajószöged;1122;1098;2220
BOR;Sajóvámos;1050;1184;2234
BOR;Sajóvelezd;392;452;844
BOR;Sály;925;1016;1941
BOR;Sárazsadány;140;132;272
BOR;Sáta;589;657;1246
BOR;Selyeb;236;260;496
BOR;Semjén;263;259;522
BOR;Serényfalva;531;523;1054
BOR;Sima;16;20;36
BOR;Sóstófalva;136;145;281
BOR;Szakácsi;89;81;170
BOR;Szakáld;270;256;526
BOR;Szalaszend;553;559;1112
BOR;Szalonna;503;557;1060
BOR;Szászfa;68;76;144
BOR;Szegi;162;180;342
BOR;Szegilong;109;143;252
BOR;Szemere;193;193;386
BOR;Szendrőlád;955;974;1929
BOR;Szentistvánbaksa;141;144;285
BOR;Szin;418;395;813
BOR;Szinpetri;130;132;262
BOR;Szomolya;799;854;1653
BOR;Szögliget;352;343;695
BOR;Szőlősardó;59;83;142
BOR;Szuhafő;78;92;170
BOR;Szuhakálló;519;550;1069
BOR;Szuhogy;611;618;1229
BOR;Taktabáj;317;303;620
BOR;Taktakenéz;645;668;1313
BOR;Taktaszada;1003;1024;2027
BOR;Tállya;987;1073;2060
BOR;Tarcal;1440;1579;3019
BOR;Tard;626;729;1355
BOR;Tardona;527;589;1116
BOR;Telkibánya;328;337;665
BOR;Teresztenye;14;17;31
BOR;Tibolddaróc;742;752;1494
BOR;Tiszabábolna;206;201;407
BOR;Tiszacsermely;357;324;681
BOR;Tiszadorogma;204;224;428
BOR;Tiszakarád;1297;1303;2600
BOR;Tiszakeszi;1334;1362;2696
BOR;Tiszaladány;311;350;661
BOR;Tiszapalkonya;746;738;1484
BOR;Tiszatardos;141;128;269
BOR;Tiszatarján;699;710;1409
BOR;Tiszavalk;158;174;332
BOR;Tolcsva;922;993;1915
BOR;Tomor;120;128;248
BOR;Tornabarakony;10;11;21
BOR;Tornakápolna;11;12;23
BOR;Tornanádaska;341;308;649
BOR;Tornaszentandrás;107;130;237
BOR;Tornaszentjakab;111;122;233
BOR;Tornyosnémeti;278;236;514
BOR;Trizs;121;131;252
BOR;Újcsanálos;466;451;917
BOR;Uppony;164;181;345
BOR;Vadna;343;317;660
BOR;Vágáshuta;45;46;91
BOR;Vajdácska;654;663;1317
BOR;Vámosújfalu;424;417;841
BOR;Varbó;545;619;1164
BOR;Varbóc;38;29;67
BOR;Vatta;487;464;951
BOR;Vilmány;766;745;1511
BOR;Vilyvitány;126;155;281
BOR;Viss;359;365;724
BOR;Viszló;38;35;73
BOR;Vizsoly;486;500;986
BOR;Zádorfalva;218;258;476
BOR;Zalkod;122;141;263
BOR;Zemplénagárd;401;432;833
BOR;Ziliz;198;192;390
BOR;Zsujta;94;94;188
BOR;Zubogy;283;302;585
CSO;Szeged;76920;88528;165448
CSO;Hódmezővásárhely;22520;24454;46974
CSO;Csanádpalota;1530;1563;3093
CSO;Csongrád;8344;9411;17755
CSO;Kistelek;3444;3932;7376
CSO;Makó;11654;12813;24467
CSO;Mindszent;3547;3694;7241
CSO;Mórahalom;2918;3118;6036
CSO;Sándorfalva;4029;4164;8193
CSO;Szentes;14059;15316;29375
CSO;Algyő;2583;2741;5324
CSO;Nagymágocs;1560;1615;3175
CSO;Szegvár;2331;2472;4803
CSO;Ambrózfalva;254;277;531
CSO;Apátfalva;1556;1658;3214
CSO;Árpádhalom;276;260;536
CSO;Ásotthalom;1983;2080;4063
CSO;Baks;1034;1089;2123
CSO;Balástya;1729;1817;3546
CSO;Bordány;1615;1651;3266
CSO;Csanádalberti;233;252;485
CSO;Csanytelek;1423;1554;2977
CSO;Csengele;1001;987;1988
CSO;Derekegyház;846;868;1714
CSO;Deszk;1835;1852;3687
CSO;Dóc;375;406;781
CSO;Domaszék;2437;2413;4850
CSO;Eperjes;288;282;570
CSO;Fábiánsebestyén;1068;1073;2141
CSO;Felgyő;636;664;1300
CSO;Ferencszállás;324;344;668
CSO;Forráskút;1053;1101;2154
CSO;Földeák;1579;1666;3245
CSO;Királyhegyes;315;353;668
CSO;Kiszombor;2050;2090;4140
CSO;Klárafalva;268;264;532
CSO;Kövegy;227;201;428
CSO;Kübekháza;795;796;1591
CSO;Magyarcsanád;774;789;1563
CSO;Maroslele;1066;1094;2160
CSO;Mártély;643;653;1296
CSO;Nagyér;287;294;581
CSO;Nagylak;269;272;541
CSO;Nagytőke;236;218;454
CSO;Óföldeák;209;287;496
CSO;Ópusztaszer;1127;1113;2240
CSO;Öttömös;385;373;758
CSO;Pitvaros;747;805;1552
CSO;Pusztamérges;557;617;1174
CSO;Pusztaszer;762;736;1498
CSO;Röszke;1677;1684;3361
CSO;Ruzsa;1289;1319;2608
CSO;Szatymaz;2382;2369;4751
CSO;Székkutas;1191;1171;2362
CSO;Tiszasziget;874;880;1754
CSO;Tömörkény;855;975;1830
CSO;Újszentiván;881;864;1745
CSO;Üllés;1560;1662;3222
CSO;Zákányszék;1403;1428;2831
CSO;Zsombó;1752;1759;3511
FEJ;Székesfehérvár;47397;53332;100729
FEJ;Dunaújváros;23184;26055;49239
FEJ;Adony;1885;1929;3814
FEJ;Bicske;6081;6035;12116
FEJ;Bodajk;2052;2103;4155
FEJ;Enying;3540;3617;7157
FEJ;Ercsi;4418;4296;8714
FEJ;Gárdony;4946;5040;9986
FEJ;Martonvásár;2750;2920;5670
FEJ;Mór;7099;7580;14679
FEJ;Polgárdi;3380;3439;6819
FEJ;Pusztaszabolcs;3158;3218;6376
FEJ;Rácalmás;2273;2197;4470
FEJ;Sárbogárd;6249;6606;12855
FEJ;Velence;2744;2782;5526
FEJ;Aba;2273;2386;4659
FEJ;Cece;1321;1327;2648
FEJ;Csákvár;2558;2685;5243
FEJ;Előszállás;1214;1215;2429
FEJ;Lajoskomárom;1163;1211;2374
FEJ;Lepsény;1581;1661;3242
FEJ;Mezőfalva;2469;2431;4900
FEJ;Perkáta;1964;2102;4066
FEJ;Sárosd;1663;1733;3396
FEJ;Seregélyes;2252;2290;4542
FEJ;Soponya;953;1001;1954
FEJ;Szabadbattyán;2331;2334;4665
FEJ;Alap;1021;1061;2082
FEJ;Alcsútdoboz;746;721;1467
FEJ;Alsószentiván;304;318;622
FEJ;Bakonycsernye;1548;1603;3151
FEJ;Bakonykúti;63;69;132
FEJ;Balinka;487;494;981
FEJ;Baracs;1820;1774;3594
FEJ;Baracska;1387;1347;2734
FEJ;Beloiannisz;617;592;1209
FEJ;Besnyő;887;915;1802
FEJ;Bodmér;129;120;249
FEJ;Csabdi;603;633;1236
FEJ;Csákberény;603;615;1218
FEJ;Csókakő;656;727;1383
FEJ;Csór;946;917;1863
FEJ;Csősz;524;537;1061
FEJ;Daruszentmiklós;661;656;1317
FEJ;Dég;1120;1158;2278
FEJ;Etyek;2079;2153;4232
FEJ;Fehérvárcsurgó;969;1008;1977
FEJ;Felcsút;888;943;1831
FEJ;Füle;445;454;899
FEJ;Gánt;459;374;833
FEJ;Gyúró;614;608;1222
FEJ;Hantos;487;479;966
FEJ;Igar;494;525;1019
FEJ;Iszkaszentgyörgy;1011;984;1995
FEJ;Isztimér;487;480;967
FEJ;Iváncsa;1437;1446;2883
FEJ;Jenő;606;698;1304
FEJ;Kajászó;536;547;1083
FEJ;Káloz;1225;1230;2455
FEJ;Kápolnásnyék;1793;1854;3647
FEJ;Kincsesbánya;771;800;1571
FEJ;Kisapostag;764;706;1470
FEJ;Kisláng;1295;1357;2652
FEJ;Kőszárhegy;792;810;1602
FEJ;Kulcs;1395;1345;2740
FEJ;Lovasberény;1353;1373;2726
FEJ;Magyaralmás;765;817;1582
FEJ;Mány;1188;1203;2391
FEJ;Mátyásdomb;407;387;794
FEJ;Mezőkomárom;503;499;1002
FEJ;Mezőszentgyörgy;702;697;1399
FEJ;Mezőszilas;1075;1205;2280
FEJ;Moha;289;281;570
FEJ;Nadap;256;284;540
FEJ;Nádasdladány;903;910;1813
FEJ;Nagykarácsony;701;738;1439
FEJ;Nagylók;547;577;1124
FEJ;Nagyveleg;314;316;630
FEJ;Nagyvenyim;2061;2090;4151
FEJ;Óbarok;409;380;789
FEJ;Pákozd;1564;1560;3124
FEJ;Pátka;827;855;1682
FEJ;Pázmánd;1027;1041;2068
FEJ;Pusztavám;1187;1333;2520
FEJ;Ráckeresztúr;1675;1685;3360
FEJ;Sáregres;381;372;753
FEJ;Sárkeresztes;773;789;1562
FEJ;Sárkeresztúr;1293;1279;2572
FEJ;Sárkeszi;306;300;606
FEJ;Sárszentágota;687;718;1405
FEJ;Sárszentmihály;1539;1577;3116
FEJ;Söréd;256;279;535
FEJ;Sukoró;678;603;1281
FEJ;Szabadegyháza;1129;1141;2270
FEJ;Szabadhídvég;441;448;889
FEJ;Szár;821;841;1662
FEJ;Tabajd;465;526;991
FEJ;Tác;826;889;1715
FEJ;Tordas;1017;962;1979
FEJ;Újbarok;212;227;439
FEJ;Úrhida;1219;1222;2441
FEJ;Vajta;439;475;914
FEJ;Vál;1247;1266;2513
FEJ;Vereb;399;432;831
FEJ;Vértesacsa;889;918;1807
FEJ;Vértesboglár;463;472;935
FEJ;Zámoly;1189;1175;2364
FEJ;Zichyújfalu;491;472;963
GYO;Győr;59603;66696;126299
GYO;Sopron;27360;30529;57889
GYO;Beled;1389;1397;2786
GYO;Csorna;5166;5412;10578
GYO;Fertőd;1637;1732;3369
GYO;Fertőszentmiklós;1803;1998;3801
GYO;Jánossomorja;3047;3054;6101
GYO;Kapuvár;5165;5419;10584
GYO;Mosonmagyaróvár;15397;16579;31976
GYO;Pannonhalma;1728;1800;3528
GYO;Tét;2004;2069;4073
GYO;Bősárkány;1058;1061;2119
GYO;Hegyeshalom;1765;1792;3557
GYO;Lébény;1557;1599;3156
GYO;Nagycenk;912;970;1882
GYO;Szany;1089;1149;2238
GYO;Abda;1576;1605;3181
GYO;Acsalag;244;250;494
GYO;Ágfalva;1098;1032;2130
GYO;Agyagosszergény;436;451;887
GYO;Árpás;133;130;263
GYO;Ásványráró;966;980;1946
GYO;Babót;561;564;1125
GYO;Bágyogszovát;656;688;1344
GYO;Bakonygyirót;70;92;162
GYO;Bakonypéterd;149;136;285
GYO;Bakonyszentlászló;954;952;1906
GYO;Barbacs;377;372;749
GYO;Bezenye;718;764;1482
GYO;Bezi;278;259;537
GYO;Bodonhely;154;155;309
GYO;Bogyoszló;330;329;659
GYO;Bőny;1104;1111;2215
GYO;Börcs;628;659;1287
GYO;Cakóháza;30;28;58
GYO;Cirák;285;285;570
GYO;Csáfordjánosfa;116;96;212
GYO;Csapod;273;268;541
GYO;Csér;20;20;40
GYO;Csikvánd;241;257;498
GYO;Darnózseli;762;813;1575
GYO;Dénesfa;221;213;434
GYO;Dör;299;328;627
GYO;Dunakiliti;952;951;1903
GYO;Dunaremete;133;122;255
GYO;Dunaszeg;978;1018;1996
GYO;Dunaszentpál;375;359;734
GYO;Dunasziget;725;747;1472
GYO;Ebergőc;72;79;151
GYO;Écs;913;968;1881
GYO;Edve;65;64;129
GYO;Egyed;284;275;559
GYO;Egyházasfalu;450;429;879
GYO;Enese;854;948;1802
GYO;Farád;1020;978;1998
GYO;Fehértó;245;256;501
GYO;Feketeerdő;283;282;565
GYO;Felpéc;417;465;882
GYO;Fenyőfő;66;65;131
GYO;Fertőboz;140;135;275
GYO;Fertőendréd;301;305;606
GYO;Fertőhomok;297;348;645
GYO;Fertőrákos;1074;1177;2251
GYO;Fertőszéplak;634;658;1292
GYO;Gönyű;1575;1602;3177
GYO;Gyalóka;41;39;80
GYO;Gyarmat;628;688;1316
GYO;Gyóró;179;208;387
GYO;Gyömöre;642;645;1287
GYO;Győrasszonyfa;271;265;536
GYO;Győrladamér;785;824;1609
GYO;Győrság;726;772;1498
GYO;Győrsövényház;416;389;805
GYO;Győrszemere;1578;1630;3208
GYO;Győrújbarát;2973;2962;5935
GYO;Győrújfalu;710;736;1446
GYO;Győrzámoly;1230;1216;2446
GYO;Halászi;1506;1561;3067
GYO;Harka;868;846;1714
GYO;Hédervár;595;579;1174
GYO;Hegykő;698;722;1420
GYO;Hidegség;194;175;369
GYO;Himod;339;340;679
GYO;Hövej;169;158;327
GYO;Ikrény;932;929;1861
GYO;Iván;691;652;1343
GYO;Jobaháza;265;297;562
GYO;Kajárpéc;655;663;1318
GYO;Károlyháza;297;268;565
GYO;Kimle;1170;1160;2330
GYO;Kisbabot;103;117;220
GYO;Kisbajcs;431;416;847
GYO;Kisbodak;185;185;370
GYO;Kisfalud;400;369;769
GYO;Kóny;1317;1397;2714
GYO;Kópháza;971;1096;2067
GYO;Koroncó;996;1052;2048
GYO;Kunsziget;596;622;1218
GYO;Lázi;291;290;581
GYO;Levél;922;936;1858
GYO;Lipót;357;345;702
GYO;Lövő;704;739;1443
GYO;Maglóca;50;51;101
GYO;Magyarkeresztúr;221;243;464
GYO;Máriakálnok;881;881;1762
GYO;Markotabödöge;237;258;495
GYO;Mecsér;295;311;606
GYO;Mérges;45;44;89
GYO;Mezőörs;487;507;994
GYO;Mihályi;571;559;1130
GYO;Mórichida;381;463;844
GYO;Mosonszentmiklós;1191;1258;2449
GYO;Mosonszolnok;873;843;1716
GYO;Mosonudvar;242;212;454
GYO;Nagybajcs;451;501;952
GYO;Nagylózs;489;511;1000
GYO;Nagyszentjános;952;917;1869
GYO;Nemeskér;108;107;215
GYO;Nyalka;222;255;477
GYO;Nyúl;2082;2067;4149
GYO;Osli;452;484;936
GYO;Öttevény;1425;1505;2930
GYO;Páli;197;210;407
GYO;Pásztori;201;179;380
GYO;Pázmándfalu;496;511;1007
GYO;Pér;1178;1216;2394
GYO;Pereszteg;691;718;1409
GYO;Petőháza;486;558;1044
GYO;Pinnye;181;173;354
GYO;Potyond;49;57;106
GYO;Pusztacsalád;137;144;281
GYO;Püski;338;312;650
GYO;Rábacsanak;255;268;523
GYO;Rábacsécsény;293;314;607
GYO;Rábakecöl;375;403;778
GYO;Rábapatona;1227;1263;2490
GYO;Rábapordány;541;531;1072
GYO;Rábasebes;45;49;94
GYO;Rábaszentandrás;261;254;515
GYO;Rábaszentmihály;271;255;526
GYO;Rábaszentmiklós;68;76;144
GYO;Rábatamási;529;497;1026
GYO;Rábcakapi;82;98;180
GYO;Rajka;1307;1324;2631
GYO;Ravazd;593;638;1231
GYO;Répceszemere;158;148;306
GYO;Répcevis;185;194;379
GYO;Rétalap;285;287;572
GYO;Románd;160;158;318
GYO;Röjtökmuzsaj;217;220;437
GYO;Sarród;498;531;1029
GYO;Sikátor;164;181;345
GYO;Sobor;139;152;291
GYO;Sokorópátka;553;547;1100
GYO;Sopronhorpács;400;423;823
GYO;Sopronkövesd;586;587;1173
GYO;Sopronnémeti;140;134;274
GYO;Szakony;222;225;447
GYO;Szárföld;444;498;942
GYO;Szerecseny;369;421;790
GYO;Szil;694;695;1389
GYO;Szilsárkány;349;368;717
GYO;Táp;359;387;746
GYO;Tápszentmiklós;467;490;957
GYO;Tarjánpuszta;202;204;406
GYO;Tárnokréti;99;111;210
GYO;Tényő;767;793;1560
GYO;Töltéstava;1131;1067;2198
GYO;Újkér;474;520;994
GYO;Újrónafő;423;427;850
GYO;Und;161;186;347
GYO;Vadosfa;42;43;85
GYO;Vág;285;270;555
GYO;Vámosszabadi;745;809;1554
GYO;Várbalog;215;197;412
GYO;Vásárosfalu;95;83;178
GYO;Vének;92;99;191
GYO;Veszkény;472;488;960
GYO;Veszprémvarsány;510;525;1035
GYO;Vitnyéd;649;664;1313
GYO;Völcsej;184;188;372
GYO;Zsebeháza;65;70;135
GYO;Zsira;414;389;803
HAJ;Debrecen;96230;109238;205468
HAJ;Balmazújváros;8852;9270;18122
HAJ;Berettyóújfalu;7557;8026;15583
HAJ;Biharkeresztes;2044;2116;4160
HAJ;Derecske;4427;4699;9126
HAJ;Hajdúböszörmény;15593;16363;31956
HAJ;Hajdúdorog;4480;4605;9085
HAJ;Hajdúhadház;6511;6687;13198
HAJ;Hajdúnánás;8760;9039;17799
HAJ;Hajdúsámson;6741;6607;13348
HAJ;Hajdúszoboszló;11367;12421;23788
HAJ;Kaba;3115;3103;6218
HAJ;Komádi;2995;3005;6000
HAJ;Létavértes;3554;3729;7283
HAJ;Nádudvar;4552;4672;9224
HAJ;Nyíradony;3883;4105;7988
HAJ;Polgár;4094;4168;8262
HAJ;Püspökladány;7580;7940;15520
HAJ;Téglás;3186;3371;6557
HAJ;Tiszacsege;2414;2463;4877
HAJ;Vámospércs;2726;2820;5546
HAJ;Bagamér;1322;1390;2712
HAJ;Csökmő;1011;1013;2024
HAJ;Egyek;2744;2827;5571
HAJ;Földes;2078;2173;4251
HAJ;Hosszúpályi;2998;3001;5999
HAJ;Nagyrábé;1108;1152;2260
HAJ;Nyírábrány;1949;2051;4000
HAJ;Pocsaj;1386;1377;2763
HAJ;Sárrétudvari;1553;1532;3085
HAJ;Zsáka;811;873;1684
HAJ;Álmosd;857;926;1783
HAJ;Ártánd;266;273;539
HAJ;Bakonszeg;625;640;1265
HAJ;Báránd;1414;1384;2798
HAJ;Bedő;135;138;273
HAJ;Berekböszörmény;957;964;1921
HAJ;Bihardancsháza;105;90;195
HAJ;Biharnagybajom;1464;1468;2932
HAJ;Bihartorda;482;522;1004
HAJ;Bocskaikert;1580;1549;3129
HAJ;Bojt;277;288;565
HAJ;Darvas;317;312;629
HAJ;Ebes;2273;2373;4646
HAJ;Esztár;699;721;1420
HAJ;Folyás;200;193;393
HAJ;Furta;616;623;1239
HAJ;Fülöp;878;906;1784
HAJ;Gáborján;454;459;913
HAJ;Görbeháza;1237;1316;2553
HAJ;Hajdúbagos;966;1071;2037
HAJ;Hajdúszovát;1594;1589;3183
HAJ;Hencida;664;634;1298
HAJ;Hortobágy;774;790;1564
HAJ;Kismarja;641;704;1345
HAJ;Kokad;335;358;693
HAJ;Konyár;1137;1115;2252
HAJ;Körösszakál;422;458;880
HAJ;Körösszegapáti;502;520;1022
HAJ;Magyarhomorog;477;491;968
HAJ;Mezőpeterd;303;298;601
HAJ;Mezősas;346;365;711
HAJ;Mikepércs;2199;2309;4508
HAJ;Monostorpályi;1043;1161;2204
HAJ;Nagyhegyes;1399;1408;2807
HAJ;Nagykereki;662;631;1293
HAJ;Nyíracsád;1960;2052;4012
HAJ;Nyírmártonfalva;1006;1052;2058
HAJ;Sáp;505;529;1034
HAJ;Sáránd;1146;1240;2386
HAJ;Szentpéterszeg;561;607;1168
HAJ;Szerep;793;777;1570
HAJ;Tépe;576;567;1143
HAJ;Tetétlen;711;694;1405
HAJ;Tiszagyulaháza;393;385;778
HAJ;Told;184;171;355
HAJ;Újiráz;293;334;627
HAJ;Újléta;554;515;1069
HAJ;Újszentmargita;783;764;1547
HAJ;Újtikos;471;496;967
HAJ;Váncsod;616;618;1234
HAJ;Vekerd;65;70;135
HEV;Eger;25197;29649;54846
HEV;Bélapátfalva;1510;1710;3220
HEV;Füzesabony;3938;4128;8066
HEV;Gyöngyös;14690;16753;31443
HEV;Hatvan;10258;11329;21587
HEV;Heves;5367;5897;11264
HEV;Kisköre;1488;1508;2996
HEV;Lőrinci;2857;3072;5929
HEV;Pétervására;1113;1214;2327
HEV;Kál;1817;1932;3749
HEV;Parád;952;1134;2086
HEV;Recsk;1388;1539;2927
HEV;Verpelét;1878;2077;3955
HEV;Abasár;1191;1348;2539
HEV;Adács;1334;1431;2765
HEV;Aldebrő;344;379;723
HEV;Andornaktálya;1412;1495;2907
HEV;Apc;1233;1386;2619
HEV;Átány;761;805;1566
HEV;Atkár;846;951;1797
HEV;Balaton;534;600;1134
HEV;Bátor;186;210;396
HEV;Bekölce;326;371;697
HEV;Besenyőtelek;1369;1426;2795
HEV;Boconád;673;729;1402
HEV;Bodony;363;418;781
HEV;Boldog;1480;1609;3089
HEV;Bükkszék;352;404;756
HEV;Bükkszenterzsébet;537;596;1133
HEV;Bükkszentmárton;155;177;332
HEV;Csány;1060;1216;2276
HEV;Demjén;322;332;654
HEV;Detk;559;633;1192
HEV;Domoszló;942;1126;2068
HEV;Dormánd;546;533;1079
HEV;Ecséd;1642;1702;3344
HEV;Egerbakta;730;788;1518
HEV;Egerbocs;288;319;607
HEV;Egercsehi;699;758;1457
HEV;Egerfarmos;342;380;722
HEV;Egerszalók;937;933;1870
HEV;Egerszólát;532;588;1120
HEV;Erdőkövesd;294;359;653
HEV;Erdőtelek;1656;1746;3402
HEV;Erk;463;501;964
HEV;Fedémes;155;186;341
HEV;Feldebrő;523;568;1091
HEV;Felsőtárkány;1730;1851;3581
HEV;Gyöngyöshalász;1256;1359;2615
HEV;Gyöngyösoroszi;722;804;1526
HEV;Gyöngyöspata;1293;1424;2717
HEV;Gyöngyössolymos;1476;1631;3107
HEV;Gyöngyöstarján;1186;1282;2468
HEV;Halmajugra;636;708;1344
HEV;Heréd;990;1039;2029
HEV;Hevesaranyos;317;363;680
HEV;Hevesvezekény;351;362;713
HEV;Hort;1790;2014;3804
HEV;Istenmezeje;784;900;1684
HEV;Ivád;194;210;404
HEV;Kápolna;750;842;1592
HEV;Karácsond;1509;1679;3188
HEV;Kerecsend;1166;1173;2339
HEV;Kerekharaszt;498;536;1034
HEV;Kisfüzes;75;84;159
HEV;Kisnána;504;542;1046
HEV;Kompolt;1022;1111;2133
HEV;Kömlő;956;986;1942
HEV;Ludas;397;428;825
HEV;Maklár;1193;1278;2471
HEV;Markaz;863;930;1793
HEV;Mátraballa;365;428;793
HEV;Mátraderecske;940;1074;2014
HEV;Mátraszentimre;265;249;514
HEV;Mezőszemere;604;674;1278
HEV;Mezőtárkány;826;863;1689
HEV;Mikófalva;379;376;755
HEV;Mónosbél;205;209;414
HEV;Nagyfüged;892;972;1864
HEV;Nagykökényes;291;305;596
HEV;Nagyréde;1540;1716;3256
HEV;Nagytálya;426;474;900
HEV;Nagyút;368;392;760
HEV;Nagyvisnyó;480;523;1003
HEV;Noszvaj;828;980;1808
HEV;Novaj;686;763;1449
HEV;Ostoros;1277;1407;2684
HEV;Pálosvörösmart;311;364;675
HEV;Parádsasvár;238;266;504
HEV;Pély;772;774;1546
HEV;Petőfibánya;1440;1457;2897
HEV;Poroszló;1463;1507;2970
HEV;Rózsaszentmárton;920;1112;2032
HEV;Sarud;597;672;1269
HEV;Sirok;907;1040;1947
HEV;Szajla;299;337;636
HEV;Szarvaskő;181;196;377
HEV;Szentdomonkos;235;246;481
HEV;Szihalom;946;1102;2048
HEV;Szilvásvárad;826;874;1700
HEV;Szúcs;228;229;457
HEV;Szűcsi;763;851;1614
HEV;Tarnabod;416;384;800
HEV;Tarnalelesz;851;962;1813
HEV;Tarnaméra;815;902;1717
HEV;Tarnaörs;907;935;1842
HEV;Tarnaszentmária;116;129;245
HEV;Tarnaszentmiklós;449;450;899
HEV;Tarnazsadány;628;681;1309
HEV;Tenk;614;617;1231
HEV;Terpes;107;108;215
HEV;Tiszanána;1261;1287;2548
HEV;Tófalu;290;323;613
HEV;Újlőrincfalva;127;121;248
HEV;Vámosgyörk;930;1035;1965
HEV;Váraszó;248;289;537
HEV;Vécs;317;367;684
HEV;Visonta;545;633;1178
HEV;Visznek;564;584;1148
HEV;Zagyvaszántó;956;1033;1989
HEV;Zaránk;203;247;450
KOM;Tatabánya;33756;37251;71007
KOM;Ács;3489;3655;7144
KOM;Bábolna;1783;1890;3673
KOM;Dorog;6014;6586;12600
KOM;Esztergom;14685;15666;30351
KOM;Kisbér;2744;2923;5667
KOM;Komárom;9402;10314;19716
KOM;Lábatlan;2582;2698;5280
KOM;Nyergesújfalu;3756;4021;7777
KOM;Oroszlány;9587;10074;19661
KOM;Tata;11344;12405;23749
KOM;Nagyigmánd;1499;1497;2996
KOM;Tát;2622;2898;5520
KOM;Tokod;2150;2230;4380
KOM;Ácsteszér;359;344;703
KOM;Aka;139;123;262
KOM;Almásfüzitő;1039;1134;2173
KOM;Annavölgy;462;497;959
KOM;Ászár;882;903;1785
KOM;Baj;1383;1454;2837
KOM;Bajna;1005;1030;2035
KOM;Bajót;776;816;1592
KOM;Bakonybánk;248;237;485
KOM;Bakonysárkány;477;501;978
KOM;Bakonyszombathely;694;751;1445
KOM;Bana;808;875;1683
KOM;Bársonyos;353;430;783
KOM;Bokod;1047;1133;2180
KOM;Császár;915;938;1853
KOM;Csatka;138;142;280
KOM;Csém;223;243;466
KOM;Csép;190;197;387
KOM;Csolnok;1621;1786;3407
KOM;Dad;534;535;1069
KOM;Dág;452;495;947
KOM;Dömös;598;600;1198
KOM;Dunaalmás;762;745;1507
KOM;Dunaszentmiklós;203;241;444
KOM;Epöl;342;308;650
KOM;Ete;302;314;616
KOM;Gyermely;738;716;1454
KOM;Héreg;529;517;1046
KOM;Kecskéd;987;1033;2020
KOM;Kerékteleki;366;333;699
KOM;Kesztölc;1305;1387;2692
KOM;Kisigmánd;260;257;517
KOM;Kocs;1287;1344;2631
KOM;Kömlőd;554;540;1094
KOM;Környe;2280;2343;4623
KOM;Leányvár;867;913;1780
KOM;Máriahalom;356;339;695
KOM;Mocsa;1090;1167;2257
KOM;Mogyorósbánya;413;455;868
KOM;Nagysáp;792;820;1612
KOM;Naszály;1176;1268;2444
KOM;Neszmély;701;717;1418
KOM;Piliscsév;1178;1227;2405
KOM;Pilismarót;1031;1044;2075
KOM;Réde;686;732;1418
KOM;Sárisáp;1418;1483;2901
KOM;Súr;622;640;1262
KOM;Süttő;1011;1059;2070
KOM;Szákszend;767;784;1551
KOM;Szárliget;1170;1129;2299
KOM;Szomód;1087;1084;2171
KOM;Szomor;556;578;1134
KOM;Tardos;764;862;1626
KOM;Tarján;1236;1338;2574
KOM;Tárkány;760;841;1601
KOM;Tokodaltáró;1562;1556;3118
KOM;Úny;354;363;717
KOM;Várgesztes;285;314;599
KOM;Vérteskethely;298;293;591
KOM;Vértessomló;687;691;1378
KOM;Vértesszőlős;1550;1543;3093
KOM;Vértestolna;250;275;525
NOG;Salgótarján;18456;20699;39155
NOG;Balassagyarmat;7726;8514;16240
NOG;Bátonyterenye;6596;6927;13523
NOG;Pásztó;4536;5037;9573
NOG;Rétság;1424;1496;2920
NOG;Szécsény;2930;3193;6123
NOG;Alsópetény;290;342;632
NOG;Alsótold;124;132;256
NOG;Bánk;340;339;679
NOG;Bárna;550;529;1079
NOG;Becske;314;298;612
NOG;Bér;170;211;381
NOG;Bercel;994;1007;2001
NOG;Berkenye;315;331;646
NOG;Bokor;60;77;137
NOG;Borsosberény;492;478;970
NOG;Buják;1062;1130;2192
NOG;Cered;575;619;1194
NOG;Csécse;434;508;942
NOG;Cserháthaláp;189;210;399
NOG;Cserhátsurány;396;451;847
NOG;Cserhátszentiván;77;79;156
NOG;Csesztve;174;163;337
NOG;Csitár;222;221;443
NOG;Debercsény;40;44;84
NOG;Dejtár;715;733;1448
NOG;Diósjenő;1570;1448;3018
NOG;Dorogháza;513;610;1123
NOG;Drégelypalánk;730;803;1533
NOG;Ecseg;602;620;1222
NOG;Egyházasdengeleg;242;263;505
NOG;Egyházasgerge;376;393;769
NOG;Endrefalva;647;662;1309
NOG;Erdőkürt;278;290;568
NOG;Erdőtarcsa;279;298;577
NOG;Érsekvadkert;1870;1907;3777
NOG;Etes;687;756;1443
NOG;Felsőpetény;324;334;658
NOG;Felsőtold;70;84;154
NOG;Galgaguta;329;348;677
NOG;Garáb;31;29;60
NOG;Héhalom;485;526;1011
NOG;Herencsény;313;317;630
NOG;Hollókő;164;200;364
NOG;Hont;260;285;545
NOG;Horpács;78;98;176
NOG;Hugyag;434;464;898
NOG;Iliny;87;97;184
NOG;Ipolyszög;347;344;691
NOG;Ipolytarnóc;240;258;498
NOG;Ipolyvece;418;437;855
NOG;Jobbágyi;1079;1093;2172
NOG;Kálló;764;770;1534
NOG;Karancsalja;769;831;1600
NOG;Karancsberény;446;465;911
NOG;Karancskeszi;961;988;1949
NOG;Karancslapujtő;1366;1412;2778
NOG;Karancsság;601;622;1223
NOG;Kazár;969;990;1959
NOG;Keszeg;356;340;696
NOG;Kétbodony;232;248;480
NOG;Kisbágyon;205;235;440
NOG;Kisbárkány;111;115;226
NOG;Kisecset;89;94;183
NOG;Kishartyán;286;305;591
NOG;Kozárd;90;93;183
NOG;Kutasó;50;62;112
NOG;Legénd;263;234;497
NOG;Litke;455;426;881
NOG;Lucfalva;310;340;650
NOG;Ludányhalászi;808;770;1578
NOG;Magyargéc;430;462;892
NOG;Magyarnándor;579;617;1196
NOG;Márkháza;121;135;256
NOG;Mátramindszent;409;458;867
NOG;Mátranovák;863;965;1828
NOG;Mátraszele;484;523;1007
NOG;Mátraszőlős;750;846;1596
NOG;Mátraterenye;947;969;1916
NOG;Mátraverebély;1003;1054;2057
NOG;Mihálygerge;296;317;613
NOG;Mohora;463;515;978
NOG;Nagybárkány;330;348;678
NOG;Nagykeresztúr;133;139;272
NOG;Nagylóc;753;822;1575
NOG;Nagyoroszi;1072;1087;2159
NOG;Nemti;360;400;760
NOG;Nézsa;541;598;1139
NOG;Nógrád;769;762;1531
NOG;Nógrádkövesd;336;350;686
NOG;Nógrádmarcal;271;274;545
NOG;Nógrádmegyer;837;884;1721
NOG;Nógrádsáp;443;471;914
NOG;Nógrádsipek;359;377;736
NOG;Nógrádszakál;315;336;651
NOG;Nőtincs;565;591;1156
NOG;Őrhalom;554;581;1135
NOG;Ősagárd;148;197;345
NOG;Palotás;780;892;1672
NOG;Patak;435;486;921
NOG;Patvarc;378;391;769
NOG;Piliny;331;320;651
NOG;Pusztaberki;68;62;130
NOG;Rákóczibánya;320;338;658
NOG;Rimóc;866;984;1850
NOG;Romhány;1072;1179;2251
NOG;Ságújfalu;524;555;1079
NOG;Sámsonháza;127;143;270
NOG;Somoskőújfalu;1157;1263;2420
NOG;Sóshartyán;465;471;936
NOG;Szalmatercs;250;252;502
NOG;Szanda;317;331;648
NOG;Szarvasgede;212;215;427
NOG;Szátok;287;290;577
NOG;Szécsénke;113;106;219
NOG;Szécsényfelfalu;223;239;462
NOG;Szendehely;770;798;1568
NOG;Szente;168;200;368
NOG;Szilaspogony;156;173;329
NOG;Szirák;570;583;1153
NOG;Szuha;277;332;609
NOG;Szurdokpüspöki;932;1048;1980
NOG;Szügy;733;786;1519
NOG;Tar;940;1047;1987
NOG;Terény;189;224;413
NOG;Tereske;376;355;731
NOG;Tolmács;364;376;740
NOG;Vanyarc;628;694;1322
NOG;Varsány;837;872;1709
NOG;Vizslás;675;741;1416
NOG;Zabar;255;287;542
PES;Érd;31838;33196;65034
PES;Abony;7492;7879;15371
PES;Albertirsa;5969;6554;12523
PES;Aszód;2982;3245;6227
PES;Biatorbágy;6023;6283;12306
PES;Budakalász;5099;5435;10534
PES;Budakeszi;6831;7337;14168
PES;Budaörs;13632;14697;28329
PES;Cegléd;17989;19876;37865
PES;Dabas;7891;8663;16554
PES;Dunaharaszti;9879;10728;20607
PES;Dunakeszi;19216;20653;39869
PES;Dunavarsány;3636;3755;7391
PES;Fót;9326;9569;18895
PES;Göd;8834;9186;18020
PES;Gödöllő;15066;16771;31837
PES;Gyál;11583;12131;23714
PES;Gyömrő;7729;8454;16183
PES;Halásztelek;4454;4688;9142
PES;Isaszeg;5518;5681;11199
PES;Kistarcsa;5559;6214;11773
PES;Maglód;5645;5937;11582
PES;Monor;8696;9368;18064
PES;Nagykáta;6198;6660;12858
PES;Nagykőrös;11718;12907;24625
PES;Nagymaros;2434;2445;4879
PES;Ócsa;4542;4681;9223
PES;Örkény;2405;2482;4887
PES;Pécel;7355;7842;15197
PES;Pilis;5726;5888;11614
PES;Pilisvörösvár;6745;7427;14172
PES;Pomáz;8379;8852;17231
PES;Ráckeve;4870;5194;10064
PES;Százhalombatta;8949;9830;18779
PES;Szentendre;12490;13873;26363
PES;Szigethalom;8699;8901;17600
PES;Szigetszentmiklós;17000;18012;35012
PES;Szob;1353;1476;2829
PES;Tápiószele;3147;3164;6311
PES;Tököl;4922;5300;10222
PES;Törökbálint;6545;6886;13431
PES;Tura;3761;4211;7972
PES;Üllő;5475;5856;11331
PES;Vác;16820;18338;35158
PES;Vecsés;9695;10653;20348
PES;Veresegyház;7867;8320;16187
PES;Visegrád;871;932;1803
PES;Zsámbék;2577;2743;5320
PES;Alsónémedi;2473;2633;5106
PES;Bag;1904;2019;3923
PES;Bugyi;2578;2736;5314
PES;Csömör;4329;4561;8890
PES;Dömsöd;2997;3057;6054
PES;Kartal;2919;2980;5899
PES;Kerepes;5082;5096;10178
PES;Kiskunlacháza;4400;4664;9064
PES;Leányfalu;1692;1864;3556
PES;Mogyoród;3120;3172;6292
PES;Nagykovácsi;3362;3499;6861
PES;Őrbottyán;3478;3575;7053
PES;Piliscsaba;3718;3861;7579
PES;Solymár;4913;5318;10231
PES;Sülysáp;3979;4245;8224
PES;Taksony;3128;3165;6293
PES;Tápiószecső;3116;3224;6340
PES;Tápiószentmárton;2707;2882;5589
PES;Tárnok;4495;4645;9140
PES;Valkó;1169;1271;2440
PES;Acsa;743;699;1442
PES;Apaj;650;597;1247
PES;Áporka;593;580;1173
PES;Bénye;580;630;1210
PES;Bernecebaráti;404;500;904
PES;Budajenő;921;923;1844
PES;Ceglédbercel;2063;2354;4417
PES;Csemő;2224;2182;4406
PES;Csévharaszt;1005;990;1995
PES;Csobánka;1609;1583;3192
PES;Csomád;737;730;1467
PES;Csörög;1020;1014;2034
PES;Csővár;307;336;643
PES;Dánszentmiklós;1515;1538;3053
PES;Dány;2141;2279;4420
PES;Délegyháza;1671;1695;3366
PES;Diósd;4269;4561;8830
PES;Domony;1076;1103;2179
PES;Dunabogdány;1561;1647;3208
PES;Ecser;1751;1960;3711
PES;Erdőkertes;3815;3875;7690
PES;Farmos;1818;1875;3693
PES;Felsőpakony;1654;1714;3368
PES;Galgagyörk;495;559;1054
PES;Galgahévíz;1260;1322;2582
PES;Galgamácsa;921;1011;1932
PES;Gomba;1470;1522;2992
PES;Herceghalom;1010;1006;2016
PES;Hernád;2088;2140;4228
PES;Hévízgyörk;1488;1634;3122
PES;Iklad;1048;1089;2137
PES;Inárcs;2243;2327;4570
PES;Ipolydamásd;200;187;387
PES;Ipolytölgyes;170;158;328
PES;Jászkarajenő;1363;1450;2813
PES;Kakucs;1338;1443;2781
PES;Káva;325;338;663
PES;Kemence;487;562;1049
PES;Kismaros;1006;1058;2064
PES;Kisnémedi;363;370;733
PES;Kisoroszi;491;474;965
PES;Kocsér;893;968;1861
PES;Kóka;2199;2311;4510
PES;Kosd;1162;1288;2450
PES;Kóspallag;357;370;727
PES;Kőröstetétlen;439;439;878
PES;Letkés;566;587;1153
PES;Lórév;160;151;311
PES;Majosháza;772;755;1527
PES;Makád;623;635;1258
PES;Márianosztra;428;443;871
PES;Mende;2049;2180;4229
PES;Mikebuda;375;383;758
PES;Monorierdő;2139;2208;4347
PES;Nagybörzsöny;384;406;790
PES;Nagytarcsa;1821;1856;3677
PES;Nyáregyháza;1883;1945;3828
PES;Nyársapát;1002;989;1991
PES;Pánd;991;1046;2037
PES;Páty;3413;3510;6923
PES;Penc;729;749;1478
PES;Perbál;1037;1077;2114
PES;Perőcsény;167;182;349
PES;Péteri;1097;1137;2234
PES;Pilisborosjenő;1739;1768;3507
PES;Pilisjászfalu;792;801;1593
PES;Pilisszántó;1231;1218;2449
PES;Pilisszentiván;2143;2274;4417
PES;Pilisszentkereszt;1102;1140;2242
PES;Pilisszentlászló;558;588;1146
PES;Pócsmegyer;989;977;1966
PES;Pusztavacs;701;697;1398
PES;Pusztazámor;610;582;1192
PES;Püspökhatvan;722;770;1492
PES;Püspökszilágy;379;383;762
PES;Rád;928;936;1864
PES;Remeteszőlős;333;375;708
PES;Sóskút;1534;1601;3135
PES;Szada;2182;2327;4509
PES;Szentlőrinckáta;951;1013;1964
PES;Szentmártonkáta;2528;2537;5065
PES;Szigetbecse;704;720;1424
PES;Szigetcsép;1127;1247;2374
PES;Szigetmonostor;1208;1187;2395
PES;Szigetszentmárton;1064;1179;2243
PES;Szigetújfalu;1080;1091;2171
PES;Szokolya;886;874;1760
PES;Sződ;1786;1809;3595
PES;Sződliget;2202;2300;4502
PES;Táborfalva;1724;1756;3480
PES;Tahitótfalu;2751;2830;5581
PES;Tápióbicske;1810;1831;3641
PES;Tápiógyörgye;1800;1918;3718
PES;Tápióság;1312;1440;2752
PES;Tápiószőlős;1509;1610;3119
PES;Tatárszentgyörgy;974;989;1963
PES;Telki;1784;1750;3534
PES;Tésa;47;46;93
PES;Tinnye;812;810;1622
PES;Tóalmás;1679;1751;3430
PES;Tök;706;723;1429
PES;Törtel;2114;2229;4343
PES;Újhartyán;1278;1462;2740
PES;Újlengyel;843;916;1759
PES;Újszilvás;1390;1408;2798
PES;Úri;1234;1393;2627
PES;Üröm;3468;3658;7126
PES;Vácduka;660;673;1333
PES;Vácegres;438;451;889
PES;Váchartyán;893;942;1835
PES;Váckisújfalu;245;234;479
PES;Vácrátót;884;933;1817
PES;Vácszentlászló;1011;1092;2103
PES;Vámosmikola;795;805;1600
PES;Vasad;932;951;1883
PES;Verőce;1784;1795;3579
PES;Verseg;667;733;1400
PES;Zebegény;634;636;1270
PES;Zsámbok;1208;1279;2487
SOM;Kaposvár;30813;35824;66637
SOM;Balatonboglár;2893;3262;6155
SOM;Balatonföldvár;1144;1216;2360
SOM;Balatonlelle;2472;2670;5142
SOM;Barcs;5571;6083;11654
SOM;Csurgó;2632;2819;5451
SOM;Fonyód;2495;2763;5258
SOM;Igal;630;693;1323
SOM;Kadarkút;1319;1330;2649
SOM;Lengyeltóti;1598;1692;3290
SOM;Marcali;5661;6289;11950
SOM;Nagyatád;5311;6164;11475
SOM;Nagybajom;1646;1690;3336
SOM;Siófok;11604;13312;24916
SOM;Tab;2299;2385;4684
SOM;Zamárdi;1323;1398;2721
SOM;Balatonszárszó;1058;1102;2160
SOM;Berzence;1207;1420;2627
SOM;Ádánd;1099;1118;2217
SOM;Alsóbogát;143;145;288
SOM;Andocs;552;574;1126
SOM;Babócsa;813;846;1659
SOM;Bábonymegyer;425;446;871
SOM;Bakháza;105;99;204
SOM;Balatonberény;584;611;1195
SOM;Balatonendréd;675;720;1395
SOM;Balatonfenyves;1102;1134;2236
SOM;Balatonkeresztúr;807;895;1702
SOM;Balatonmáriafürdő;363;386;749
SOM;Balatonőszöd;266;294;560
SOM;Balatonszabadi;1489;1537;3026
SOM;Balatonszemes;918;1007;1925
SOM;Balatonszentgyörgy;820;854;1674
SOM;Balatonújlak;232;283;515
SOM;Bálványos;275;285;560
SOM;Bárdudvarnok;604;602;1206
SOM;Baté;408;429;837
SOM;Bedegkér;252;229;481
SOM;Bélavár;189;211;400
SOM;Beleg;328;327;655
SOM;Bodrog;217;224;441
SOM;Bolhás;225;233;458
SOM;Bolhó;369;422;791
SOM;Bonnya;145;137;282
SOM;Böhönye;1194;1209;2403
SOM;Bőszénfa;263;266;529
SOM;Buzsák;703;828;1531
SOM;Büssü;201;210;411
SOM;Csákány;137;163;300
SOM;Cserénfa;121;113;234
SOM;Csokonyavisonta;744;825;1569
SOM;Csoma;231;244;475
SOM;Csombárd;147;143;290
SOM;Csököly;531;610;1141
SOM;Csömend;153;179;332
SOM;Csurgónagymarton;79;94;173
SOM;Darány;476;522;998
SOM;Drávagárdony;75;78;153
SOM;Drávatamási;221;190;411
SOM;Ecseny;114;127;241
SOM;Edde;113;99;212
SOM;Felsőmocsolád;232;230;462
SOM;Fiad;93;84;177
SOM;Fonó;148;152;300
SOM;Főnyed;46;42;88
SOM;Gadács;63;52;115
SOM;Gadány;174;205;379
SOM;Gálosfa;164;156;320
SOM;Gamás;383;432;815
SOM;Gige;190;206;396
SOM;Gölle;483;531;1014
SOM;Görgeteg;581;607;1188
SOM;Gyékényes;510;517;1027
SOM;Gyugy;145;151;296
SOM;Hács;220;201;421
SOM;Hajmás;129;118;247
SOM;Háromfa;382;418;800
SOM;Hedrehely;230;238;468
SOM;Hencse;168;187;355
SOM;Heresznye;147;151;298
SOM;Hetes;575;590;1165
SOM;Hollád;131;142;273
SOM;Homokszentgyörgy;560;609;1169
SOM;Hosszúvíz;33;20;53
SOM;Iharos;260;271;531
SOM;Iharosberény;665;691;1356
SOM;Inke;609;649;1258
SOM;Istvándi;303;360;663
SOM;Jákó;330;340;670
SOM;Juta;601;640;1241
SOM;Kálmáncsa;307;334;641
SOM;Kánya;223;244;467
SOM;Kapoly;326;355;681
SOM;Kaposfő;845;852;1697
SOM;Kaposgyarmat;54;55;109
SOM;Kaposhomok;253;252;505
SOM;Kaposkeresztúr;163;188;351
SOM;Kaposmérő;1202;1324;2526
SOM;Kaposszerdahely;524;538;1062
SOM;Kaposújlak;354;373;727
SOM;Kára;32;35;67
SOM;Karád;805;845;1650
SOM;Kastélyosdombó;115;118;233
SOM;Kaszó;68;59;127
SOM;Kazsok;175;166;341
SOM;Kelevíz;192;165;357
SOM;Kercseliget;248;226;474
SOM;Kereki;275;294;569
SOM;Kéthely;1174;1236;2410
SOM;Kisasszond;97;87;184
SOM;Kisbajom;212;224;436
SOM;Kisbárapáti;224;231;455
SOM;Kisberény;93;93;186
SOM;Kisgyalán;107;106;213
SOM;Kiskorpád;436;464;900
SOM;Komlósd;83;101;184
SOM;Kőkút;327;280;607
SOM;Kőröshegy;719;736;1455
SOM;Kötcse;268;291;559
SOM;Kutas;758;766;1524
SOM;Lábod;1001;1047;2048
SOM;Lad;302;327;629
SOM;Lakócsa;304;302;606
SOM;Látrány;674;730;1404
SOM;Libickozma;34;28;62
SOM;Lulla;93;99;192
SOM;Magyaratád;439;440;879
SOM;Magyaregres;329;349;678
SOM;Mernye;730;772;1502
SOM;Mesztegnyő;653;713;1366
SOM;Mezőcsokonya;629;661;1290
SOM;Mike;346;348;694
SOM;Miklósi;114;128;242
SOM;Mosdós;475;545;1020
SOM;Nágocs;301;328;629
SOM;Nagyberény;687;728;1415
SOM;Nagyberki;691;779;1470
SOM;Nagycsepely;198;199;397
SOM;Nagykorpád;321;293;614
SOM;Nagyszakácsi;253;249;502
SOM;Nemesdéd;379;401;780
SOM;Nemeskisfalud;48;63;111
SOM;Nemesvid;413;384;797
SOM;Nikla;381;402;783
SOM;Nyim;149;163;312
SOM;Orci;268;307;575
SOM;Ordacsehi;395;428;823
SOM;Osztopán;400;420;820
SOM;Öreglak;777;841;1618
SOM;Őrtilos;285;267;552
SOM;Ötvöskónyi;469;456;925
SOM;Pálmajor;179;193;372
SOM;Pamuk;146;135;281
SOM;Patalom;163;190;353
SOM;Patca;26;30;56
SOM;Patosfa;121;144;265
SOM;Péterhida;79;82;161
SOM;Pogányszentpéter;250;267;517
SOM;Polány;123;147;270
SOM;Porrog;126;126;252
SOM;Porrogszentkirály;154;169;323
SOM;Porrogszentpál;41;55;96
SOM;Potony;115;119;234
SOM;Pusztakovácsi;436;455;891
SOM;Pusztaszemes;198;201;399
SOM;Ráksi;241;238;479
SOM;Rinyabesenyő;109;90;199
SOM;Rinyakovácsi;84;62;146
SOM;Rinyaszentkirály;205;212;417
SOM;Rinyaújlak;147;138;285
SOM;Rinyaújnép;32;29;61
SOM;Ságvár;916;1002;1918
SOM;Sántos;273;281;554
SOM;Sávoly;291;273;564
SOM;Segesd;1336;1326;2662
SOM;Sérsekszőlős;80;86;166
SOM;Simonfa;176;194;370
SOM;Siójut;312;311;623
SOM;Som;377;346;723
SOM;Somodor;215;229;444
SOM;Somogyacsa;101;114;215
SOM;Somogyaracs;123;103;226
SOM;Somogyaszaló;390;388;778
SOM;Somogybabod;266;277;543
SOM;Somogybükkösd;56;52;108
SOM;Somogycsicsó;85;93;178
SOM;Somogydöröcske;80;89;169
SOM;Somogyegres;115;112;227
SOM;Somogyfajsz;282;276;558
SOM;Somogygeszti;271;242;513
SOM;Somogyjád;766;861;1627
SOM;Somogymeggyes;274;258;532
SOM;Somogysámson;380;372;752
SOM;Somogysárd;649;672;1321
SOM;Somogysimonyi;48;51;99
SOM;Somogyszentpál;402;406;808
SOM;Somogyszil;381;397;778
SOM;Somogyszob;806;883;1689
SOM;Somogytúr;218;246;464
SOM;Somogyudvarhely;549;588;1137
SOM;Somogyvámos;409;434;843
SOM;Somogyvár;929;935;1864
SOM;Somogyzsitfa;268;308;576
SOM;Szabadi;161;162;323
SOM;Szabás;298;293;591
SOM;Szántód;298;332;630
SOM;Szegerdő;117;109;226
SOM;Szenna;362;373;735
SOM;Szenta;225;216;441
SOM;Szentbalázs;164;176;340
SOM;Szentborbás;70;75;145
SOM;Szentgáloskér;280;286;566
SOM;Szenyér;171;171;342
SOM;Szilvásszentmárton;101;108;209
SOM;Szólád;292;286;578
SOM;Szorosad;49;63;112
SOM;Szőkedencs;138;163;301
SOM;Szőlősgyörök;634;632;1266
SOM;Szulok;317;334;651
SOM;Tapsony;372;416;788
SOM;Tarany;602;651;1253
SOM;Táska;200;240;440
SOM;Taszár;983;1076;2059
SOM;Teleki;110;112;222
SOM;Tengőd;236;249;485
SOM;Tikos;68;65;133
SOM;Torvaj;153;139;292
SOM;Tótújfalu;113;130;243
SOM;Törökkoppány;203;238;441
SOM;Újvárfalva;163;149;312
SOM;Varászló;82;77;159
SOM;Várda;239;267;506
SOM;Vése;364;416;780
SOM;Visnye;130;123;253
SOM;Visz;106;108;214
SOM;Vízvár;297;309;606
SOM;Vörs;236;253;489
SOM;Zákány;568;614;1182
SOM;Zákányfalu;273;300;573
SOM;Zala;127;135;262
SOM;Zics;189;204;393
SOM;Zimány;291;322;613
SOM;Zselickisfalud;143;134;277
SOM;Zselickislak;159;169;328
SOM;Zselicszentpál;207;220;427
SZA;Nyíregyháza;55766;63328;119094
SZA;Baktalórántháza;1831;1989;3820
SZA;Balkány;3287;3317;6604
SZA;Csenger;2477;2686;5163
SZA;Demecser;2128;2302;4430
SZA;Dombrád;2081;2170;4251
SZA;Fehérgyarmat;3816;4202;8018
SZA;Ibrány;3432;3636;7068
SZA;Kemecse;2409;2542;4951
SZA;Kisvárda;8397;9283;17680
SZA;Mándok;2181;2325;4506
SZA;Máriapócs;1025;1153;2178
SZA;Mátészalka;8346;9187;17533
SZA;Nagyecsed;3331;3481;6812
SZA;Nagyhalász;2885;3007;5892
SZA;Nagykálló;4844;5224;10068
SZA;Nyírbátor;6163;6644;12807
SZA;Nyírlugos;1440;1502;2942
SZA;Nyírmada;2413;2573;4986
SZA;Nyírtelek;3516;3630;7146
SZA;Rakamaz;2342;2591;4933
SZA;Tiszalök;2704;2970;5674
SZA;Tiszavasvári;6666;6848;13514
SZA;Újfehértó;6531;6902;13433
SZA;Vaja;1842;1879;3721
SZA;Vásárosnamény;4262;4571;8833
SZA;Záhony;2099;2286;4385
SZA;Ajak;1912;2045;3957
SZA;Gávavencsellő;1785;1964;3749
SZA;Hodász;1737;1695;3432
SZA;Kállósemjén;1841;2037;3878
SZA;Kölcse;616;726;1342
SZA;Levelek;1468;1474;2942
SZA;Mérk;1073;1215;2288
SZA;Nyírbéltek;1495;1475;2970
SZA;Nyírbogát;1581;1636;3217
SZA;Ököritófülpös;907;984;1891
SZA;Porcsalma;1376;1381;2757
SZA;Tarpa;1074;1166;2240
SZA;Tiszabecs;538;606;1144
SZA;Tiszadob;1500;1484;2984
SZA;Tuzsér;1739;1745;3484
SZA;Tyukod;1000;1065;2065
SZA;Anarcs;1006;1014;2020
SZA;Apagy;1142;1179;2321
SZA;Aranyosapáti;1000;1070;2070
SZA;Balsa;412;420;832
SZA;Barabás;382;409;791
SZA;Bátorliget;336;344;680
SZA;Benk;217;237;454
SZA;Beregdaróc;421;416;837
SZA;Beregsurány;282;319;601
SZA;Berkesz;410;410;820
SZA;Besenyőd;357;369;726
SZA;Beszterec;570;569;1139
SZA;Biri;676;723;1399
SZA;Botpalád;322;324;646
SZA;Bököny;1670;1739;3409
SZA;Buj;1112;1230;2342
SZA;Cégénydányád;335;343;678
SZA;Csaholc;273;273;546
SZA;Csaroda;258;329;587
SZA;Császló;186;194;380
SZA;Csegöld;326;342;668
SZA;Csengersima;351;389;740
SZA;Csengerújfalu;403;429;832
SZA;Darnó;82;92;174
SZA;Döge;1071;1133;2204
SZA;Encsencs;1011;1014;2025
SZA;Eperjeske;598;646;1244
SZA;Érpatak;888;914;1802
SZA;Fábiánháza;942;919;1861
SZA;Fényeslitke;1171;1332;2503
SZA;Fülesd;234;248;482
SZA;Fülpösdaróc;152;199;351
SZA;Gacsály;460;472;932
SZA;Garbolc;70;81;151
SZA;Géberjén;257;284;541
SZA;Gégény;981;1031;2012
SZA;Gelénes;263;304;567
SZA;Gemzse;446;457;903
SZA;Geszteréd;886;973;1859
SZA;Gulács;478;451;929
SZA;Győröcske;64;75;139
SZA;Győrtelek;858;872;1730
SZA;Gyulaháza;1023;1063;2086
SZA;Gyügye;123;132;255
SZA;Gyüre;654;629;1283
SZA;Hermánszeg;143;134;277
SZA;Hetefejércse;134;167;301
SZA;Ilk;673;670;1343
SZA;Jánd;400;415;815
SZA;Jánkmajtis;854;908;1762
SZA;Jármi;642;674;1316
SZA;Jéke;358;401;759
SZA;Kálmánháza;966;1001;1967
SZA;Kántorjánosi;1041;1148;2189
SZA;Kék;983;1020;2003
SZA;Kékcse;788;828;1616
SZA;Kérsemjén;167;160;327
SZA;Kisar;518;541;1059
SZA;Kishódos;45;44;89
SZA;Kisléta;862;869;1731
SZA;Kisnamény;151;177;328
SZA;Kispalád;280;314;594
SZA;Kisszekeres;275;325;600
SZA;Kisvarsány;503;540;1043
SZA;Kocsord;1467;1523;2990
SZA;Komlódtótfalu;59;70;129
SZA;Komoró;674;728;1402
SZA;Kótaj;2243;2320;4563
SZA;Kömörő;275;288;563
SZA;Laskod;498;548;1046
SZA;Lónya;369;399;768
SZA;Lövőpetri;235;272;507
SZA;Magosliget;144;143;287
SZA;Magy;516;535;1051
SZA;Mánd;130;145;275
SZA;Márokpapi;205;240;445
SZA;Mátyus;151;150;301
SZA;Méhtelek;385;389;774
SZA;Mezőladány;540;549;1089
SZA;Milota;449;506;955
SZA;Nábrád;479;477;956
SZA;Nagyar;365;359;724
SZA;Nagycserkesz;947;926;1873
SZA;Nagydobos;1049;1133;2182
SZA;Nagyhódos;60;70;130
SZA;Nagyszekeres;288;286;574
SZA;Nagyvarsány;730;777;1507
SZA;Napkor;1859;1977;3836
SZA;Nemesborzova;41;53;94
SZA;Nyírbogdány;1475;1557;3032
SZA;Nyírcsaholy;1151;1171;2322
SZA;Nyírcsászári;619;652;1271
SZA;Nyírderzs;303;348;651
SZA;Nyírgelse;559;597;1156
SZA;Nyírgyulaj;995;1055;2050
SZA;Nyíribrony;547;586;1133
SZA;Nyírjákó;417;452;869
SZA;Nyírkarász;1150;1238;2388
SZA;Nyírkáta;953;964;1917
SZA;Nyírkércs;411;421;832
SZA;Nyírlövő;340;382;722
SZA;Nyírmeggyes;1317;1428;2745
SZA;Nyírmihálydi;1027;1067;2094
SZA;Nyírparasznya;484;516;1000
SZA;Nyírpazony;1702;1799;3501
SZA;Nyírpilis;427;435;862
SZA;Nyírtass;1064;1043;2107
SZA;Nyírtét;560;550;1110
SZA;Nyírtura;919;974;1893
SZA;Nyírvasvári;980;1026;2006
SZA;Ófehértó;1278;1353;2631
SZA;Olcsva;368;347;715
SZA;Olcsvaapáti;157;166;323
SZA;Ópályi;1517;1573;3090
SZA;Ömböly;236;229;465
SZA;Őr;740;760;1500
SZA;Panyola;289;333;622
SZA;Pap;960;1002;1962
SZA;Papos;421;452;873
SZA;Paszab;664;669;1333
SZA;Pátroha;1497;1583;3080
SZA;Pátyod;332;351;683
SZA;Penészlek;482;500;982
SZA;Penyige;379;422;801
SZA;Petneháza;953;921;1874
SZA;Piricse;953;955;1908
SZA;Pócspetri;837;918;1755
SZA;Pusztadobos;690;776;1466
SZA;Ramocsaháza;752;829;1581
SZA;Rápolt;80;78;158
SZA;Rétközberencs;559;588;1147
SZA;Rohod;618;660;1278
SZA;Rozsály;416;401;817
SZA;Sényő;738;716;1454
SZA;Sonkád;373;382;755
SZA;Szabolcs;179;203;382
SZA;Szabolcsbáka;609;660;1269
SZA;Szabolcsveresmart;824;802;1626
SZA;Szakoly;1507;1497;3004
SZA;Szamosangyalos;281;273;554
SZA;Szamosbecs;176;201;377
SZA;Szamoskér;231;215;446
SZA;Szamossályi;354;393;747
SZA;Szamosszeg;966;1039;2005
SZA;Szamostatárfalva;159;160;319
SZA;Szamosújlak;200;219;419
SZA;Szatmárcseke;759;779;1538
SZA;Székely;549;540;1089
SZA;Szorgalmatos;510;499;1009
SZA;Tákos;166;194;360
SZA;Terem;346;315;661
SZA;Tiborszállás;517;563;1080
SZA;Timár;709;715;1424
SZA;Tiszaadony;333;319;652
SZA;Tiszabercel;909;1008;1917
SZA;Tiszabezdéd;1011;1026;2037
SZA;Tiszacsécse;113;147;260
SZA;Tiszadada;1167;1200;2367
SZA;Tiszaeszlár;1326;1411;2737
SZA;Tiszakanyár;812;920;1732
SZA;Tiszakerecseny;480;489;969
SZA;Tiszakóród;390;417;807
SZA;Tiszamogyorós;367;366;733
SZA;Tiszanagyfalu;914;976;1890
SZA;Tiszarád;317;317;634
SZA;Tiszaszalka;432;512;944
SZA;Tiszaszentmárton;602;631;1233
SZA;Tiszatelek;746;730;1476
SZA;Tiszavid;267;275;542
SZA;Tisztaberek;345;344;689
SZA;Tivadar;115;105;220
SZA;Tornyospálca;1311;1364;2675
SZA;Tunyogmatolcs;1278;1286;2564
SZA;Túristvándi;372;361;733
SZA;Túrricse;335;344;679
SZA;Újdombrád;357;368;725
SZA;Újkenéz;552;531;1083
SZA;Ura;311;358;669
SZA;Uszka;196;217;413
SZA;Vállaj;468;537;1005
SZA;Vámosatya;291;296;587
SZA;Vámosoroszi;273;284;557
SZA;Vasmegyer;850;856;1706
SZA;Zajta;218;211;429
SZA;Zsarolyán;217;220;437
SZA;Zsurk;380;377;757
SZO;Szolnok;34985;39201;74186
SZO;Abádszalók;2203;2305;4508
SZO;Jászapáti;4410;4763;9173
SZO;Jászárokszállás;3890;4234;8124
SZO;Jászberény;13099;14218;27317
SZO;Jászfényszaru;2762;3057;5819
SZO;Jászkisér;2838;2885;5723
SZO;Karcag;10352;10970;21322
SZO;Kenderes;2409;2505;4914
SZO;Kisújszállás;5835;6073;11908
SZO;Kunhegyes;4037;4217;8254
SZO;Kunszentmárton;4288;4632;8920
SZO;Martfű;3279;3619;6898
SZO;Mezőtúr;8834;9281;18115
SZO;Rákóczifalva;2734;2809;5543
SZO;Tiszaföldvár;5680;5944;11624
SZO;Tiszafüred;5931;6216;12147
SZO;Törökszentmiklós;10675;11416;22091
SZO;Túrkeve;4642;4823;9465
SZO;Újszász;3199;3349;6548
SZO;Cibakháza;2240;2207;4447
SZO;Fegyvernek;3478;3585;7063
SZO;Jászladány;2903;2988;5891
SZO;Kunmadaras;2941;2913;5854
SZO;Öcsöd;1749;1845;3594
SZO;Alattyán;1003;1162;2165
SZO;Berekfürdő;582;633;1215
SZO;Besenyszög;1702;1774;3476
SZO;Csataszög;178;177;355
SZO;Csépa;890;962;1852
SZO;Cserkeszőlő;1103;1182;2285
SZO;Hunyadfalva;123;113;236
SZO;Jánoshida;1265;1376;2641
SZO;Jászágó;341;386;727
SZO;Jászalsószentgyörgy;1816;1894;3710
SZO;Jászboldogháza;836;871;1707
SZO;Jászdózsa;1030;1235;2265
SZO;Jászfelsőszentgyörgy;929;930;1859
SZO;Jászivány;202;205;407
SZO;Jászjákóhalma;1498;1554;3052
SZO;Jászszentandrás;1194;1320;2514
SZO;Jásztelek;812;819;1631
SZO;Kengyel;1837;1884;3721
SZO;Kétpó;380;345;725
SZO;Kőtelek;800;878;1678
SZO;Kuncsorba;335;343;678
SZO;Mesterszállás;376;404;780
SZO;Mezőhék;182;186;368
SZO;Nagyiván;577;637;1214
SZO;Nagykörű;838;867;1705
SZO;Nagyrév;354;358;712
SZO;Örményes;568;577;1145
SZO;Pusztamonostor;787;865;1652
SZO;Rákócziújfalu;1016;1055;2071
SZO;Szajol;2011;1966;3977
SZO;Szászberek;511;505;1016
SZO;Szelevény;552;570;1122
SZO;Tiszabő;1119;1007;2126
SZO;Tiszabura;1570;1505;3075
SZO;Tiszaderzs;609;646;1255
SZO;Tiszagyenda;531;545;1076
SZO;Tiszaigar;440;445;885
SZO;Tiszainoka;208;232;440
SZO;Tiszajenő;789;854;1643
SZO;Tiszakürt;735;778;1513
SZO;Tiszaörs;694;684;1378
SZO;Tiszapüspöki;1081;1124;2205
SZO;Tiszaroff;876;896;1772
SZO;Tiszasas;546;571;1117
SZO;Tiszasüly;808;804;1612
SZO;Tiszaszentimre;1113;1196;2309
SZO;Tiszaszőlős;807;800;1607
SZO;Tiszatenyő;905;898;1803
SZO;Tiszavárkony;797;789;1586
SZO;Tomajmonostora;402;363;765
SZO;Tószeg;2343;2293;4636
SZO;Vezseny;361;361;722
SZO;Zagyvarékas;1813;1921;3734
TOL;Szekszárd;16142;18434;34576
TOL;Bátaszék;3189;3578;6767
TOL;Bonyhád;6693;7254;13947
TOL;Dombóvár;9330;10469;19799
TOL;Dunaföldvár;4336;4647;8983
TOL;Gyönk;937;1051;1988
TOL;Nagymányok;1145;1252;2397
TOL;Paks;9535;10226;19761
TOL;Simontornya;2037;2222;4259
TOL;Tamási;4123;4483;8606
TOL;Tolna;5685;6192;11877
TOL;Decs;2040;2194;4234
TOL;Fadd;2198;2210;4408
TOL;Hőgyész;1420;1564;2984
TOL;Nagydorog;1375;1442;2817
TOL;Pincehely;1127;1242;2369
TOL;Alsónána;357;388;745
TOL;Alsónyék;405;397;802
TOL;Aparhant;548;545;1093
TOL;Attala;426;443;869
TOL;Báta;891;926;1817
TOL;Bátaapáti;229;200;429
TOL;Belecska;197;215;412
TOL;Bikács;225;227;452
TOL;Bogyiszló;1141;1169;2310
TOL;Bonyhádvarasd;232;232;464
TOL;Bölcske;1398;1447;2845
TOL;Cikó;477;484;961
TOL;Csibrák;161;186;347
TOL;Csikóstőttős;450;441;891
TOL;Dalmand;645;701;1346
TOL;Diósberény;178;191;369
TOL;Döbrököz;985;1062;2047
TOL;Dunaszentgyörgy;1305;1299;2604
TOL;Dúzs;142;134;276
TOL;Értény;426;364;790
TOL;Fácánkert;351;369;720
TOL;Felsőnána;331;335;666
TOL;Felsőnyék;565;593;1158
TOL;Fürged;369;374;743
TOL;Gerjen;637;645;1282
TOL;Grábóc;98;93;191
TOL;Györe;331;338;669
TOL;Györköny;491;520;1011
TOL;Gyulaj;520;486;1006
TOL;Harc;450;486;936
TOL;Iregszemcse;1375;1380;2755
TOL;Izmény;279;253;532
TOL;Jágónak;130;116;246
TOL;Kajdacs;650;658;1308
TOL;Kakasd;851;893;1744
TOL;Kalaznó;103;93;196
TOL;Kapospula;421;480;901
TOL;Kaposszekcső;747;795;1542
TOL;Keszőhidegkút;112;117;229
TOL;Kéty;358;359;717
TOL;Kisdorog;404;392;796
TOL;Kismányok;186;180;366
TOL;Kisszékely;169;182;351
TOL;Kistormás;181;176;357
TOL;Kisvejke;235;206;441
TOL;Kocsola;650;684;1334
TOL;Koppányszántó;178;189;367
TOL;Kölesd;758;779;1537
TOL;Kurd;657;626;1283
TOL;Lápafő;90;92;182
TOL;Lengyel;283;297;580
TOL;Madocsa;945;1026;1971
TOL;Magyarkeszi;622;690;1312
TOL;Medina;418;411;829
TOL;Miszla;167;154;321
TOL;Mórágy;414;399;813
TOL;Mőcsény;166;188;354
TOL;Mucsfa;214;202;416
TOL;Mucsi;255;235;490
TOL;Murga;45;30;75
TOL;Nagykónyi;567;611;1178
TOL;Nagyszékely;223;225;448
TOL;Nagyszokoly;446;450;896
TOL;Nagyvejke;86;83;169
TOL;Nak;294;304;598
TOL;Németkér;877;896;1773
TOL;Ozora;848;904;1752
TOL;Őcsény;1270;1268;2538
TOL;Pálfa;805;840;1645
TOL;Pári;317;365;682
TOL;Pörböly;286;289;575
TOL;Pusztahencse;526;538;1064
TOL;Regöly;579;632;1211
TOL;Sárpilis;338;355;693
TOL;Sárszentlőrinc;531;595;1126
TOL;Sióagárd;641;683;1324
TOL;Szakadát;124;153;277
TOL;Szakály;707;711;1418
TOL;Szakcs;457;499;956
TOL;Szálka;308;318;626
TOL;Szárazd;131;125;256
TOL;Szedres;1147;1198;2345
TOL;Tengelic;1174;1216;2390
TOL;Tevel;732;754;1486
TOL;Tolnanémedi;514;586;1100
TOL;Udvari;203;164;367
TOL;Újireg;155;163;318
TOL;Váralja;428;466;894
TOL;Várdomb;620;631;1251
TOL;Várong;89;79;168
TOL;Varsád;186;221;407
TOL;Závod;148;165;313
TOL;Zomba;1051;1154;2205
VAS;Szombathely;37178;41611;78789
VAS;Bük;1656;1698;3354
VAS;Celldömölk;5489;5997;11486
VAS;Csepreg;1566;1724;3290
VAS;Körmend;5684;6202;11886
VAS;Kőszeg;5568;5948;11516
VAS;Őriszentpéter;571;613;1184
VAS;Répcelak;1329;1381;2710
VAS;Sárvár;7321;7880;15201
VAS;Szentgotthárd;4285;4486;8771
VAS;Vasvár;2138;2340;4478
VAS;Vép;1719;1727;3446
VAS;Jánosháza;1240;1359;2599
VAS;Acsád;296;388;684
VAS;Alsószölnök;185;207;392
VAS;Alsóújlak;300;339;639
VAS;Andrásfa;149;153;302
VAS;Apátistvánfalva;177;215;392
VAS;Bajánsenye;268;278;546
VAS;Balogunyom;604;625;1229
VAS;Bejcgyertyános;226;249;475
VAS;Bérbaltavár;274;272;546
VAS;Boba;423;444;867
VAS;Borgáta;72;89;161
VAS;Bozsok;177;188;365
VAS;Bozzai;174;159;333
VAS;Bő;337;330;667
VAS;Bögöt;207;190;397
VAS;Bögöte;148;170;318
VAS;Bucsu;295;306;601
VAS;Cák;138;149;287
VAS;Chernelházadamonya;114;111;225
VAS;Csákánydoroszló;889;916;1805
VAS;Csánig;187;193;380
VAS;Csehi;139;137;276
VAS;Csehimindszent;182;199;381
VAS;Csempeszkopács;160;169;329
VAS;Csénye;345;351;696
VAS;Csipkerek;162;205;367
VAS;Csönge;213;215;428
VAS;Csörötnek;449;455;904
VAS;Daraboshegy;52;51;103
VAS;Dozmat;115;113;228
VAS;Döbörhegy;76;85;161
VAS;Döröske;46;46;92
VAS;Duka;136;144;280
VAS;Egervölgy;172;206;378
VAS;Egyházashetye;169;181;350
VAS;Egyházashollós;289;289;578
VAS;Egyházasrádóc;666;657;1323
VAS;Felsőcsatár;242;247;489
VAS;Felsőjánosfa;88;114;202
VAS;Felsőmarác;146;135;281
VAS;Felsőszölnök;303;287;590
VAS;Gasztony;223;241;464
VAS;Gencsapáti;1301;1391;2692
VAS;Gérce;551;583;1134
VAS;Gersekarát;360;366;726
VAS;Gór;160;153;313
VAS;Gyanógeregye;80;84;164
VAS;Gyöngyösfalu;536;570;1106
VAS;Győrvár;344;332;676
VAS;Halastó;53;56;109
VAS;Halogy;152;140;292
VAS;Harasztifalu;81;85;166
VAS;Hegyfalu;351;425;776
VAS;Hegyháthodász;90;86;176
VAS;Hegyhátsál;72;88;160
VAS;Hegyhátszentjakab;155;138;293
VAS;Hegyhátszentmárton;30;34;64
VAS;Hegyhátszentpéter;74;84;158
VAS;Horvátlövő;106;114;220
VAS;Horvátzsidány;392;413;805
VAS;Hosszúpereszteg;328;386;714
VAS;Ikervár;851;917;1768
VAS;Iklanberény;27;24;51
VAS;Ispánk;51;58;109
VAS;Ivánc;338;362;700
VAS;Ják;1300;1315;2615
VAS;Jákfa;272;269;541
VAS;Káld;556;579;1135
VAS;Kám;209;220;429
VAS;Karakó;104;111;215
VAS;Katafa;192;183;375
VAS;Keléd;38;41;79
VAS;Kemeneskápolna;52;47;99
VAS;Kemenesmagasi;463;481;944
VAS;Kemenesmihályfa;268;263;531
VAS;Kemenespálfa;225;225;450
VAS;Kemenessömjén;298;321;619
VAS;Kemenesszentmárton;102;116;218
VAS;Kemestaródfa;121;123;244
VAS;Kenéz;131;145;276
VAS;Kenyeri;442;478;920
VAS;Kercaszomor;118;128;246
VAS;Kerkáskápolna;48;42;90
VAS;Kétvölgy;69;61;130
VAS;Kisrákos;118;106;224
VAS;Kissomlyó;125;126;251
VAS;Kisunyom;206;225;431
VAS;Kiszsidány;43;56;99
VAS;Kondorfa;250;290;540
VAS;Köcsk;150;138;288
VAS;Kőszegdoroszló;122;127;249
VAS;Kőszegpaty;129;91;220
VAS;Kőszegszerdahely;252;260;512
VAS;Lócs;62;68;130
VAS;Lukácsháza;558;557;1115
VAS;Magyarlak;369;399;768
VAS;Magyarnádalja;111;114;225
VAS;Magyarszecsőd;237;227;464
VAS;Magyarszombatfa;131;140;271
VAS;Meggyeskovácsi;340;347;687
VAS;Megyehíd;151;178;329
VAS;Mersevát;297;323;620
VAS;Mesterháza;75;79;154
VAS;Mesteri;145;128;273
VAS;Meszlen;112;117;229
VAS;Mikosszéplak;189;184;373
VAS;Molnaszecsőd;234;211;445
VAS;Nádasd;638;694;1332
VAS;Nagygeresd;149;147;296
VAS;Nagykölked;81;89;170
VAS;Nagymizdó;66;62;128
VAS;Nagyrákos;153;153;306
VAS;Nagysimonyi;499;538;1037
VAS;Nagytilaj;70;77;147
VAS;Nárai;631;636;1267
VAS;Narda;240;263;503
VAS;Nemesbőd;336;314;650
VAS;Nemescsó;155;159;314
VAS;Nemeskeresztúr;140;162;302
VAS;Nemeskocs;160;175;335
VAS;Nemeskolta;189;192;381
VAS;Nemesládony;69;67;136
VAS;Nemesmedves;12;8;20
VAS;Nemesrempehollós;142;145;287
VAS;Nick;267;274;541
VAS;Nyőgér;157;171;328
VAS;Olaszfa;208;226;434
VAS;Ólmod;55;53;108
VAS;Orfalu;38;33;71
VAS;Ostffyasszonyfa;410;423;833
VAS;Oszkó;333;331;664
VAS;Ölbő;378;382;760
VAS;Őrimagyarósd;114;116;230
VAS;Pácsony;151;144;295
VAS;Pankasz;231;231;462
VAS;Pápoc;148;188;336
VAS;Pecöl;384;428;812
VAS;Perenye;350;357;707
VAS;Peresznye;331;375;706
VAS;Petőmihályfa;114;122;236
VAS;Pinkamindszent;81;90;171
VAS;Pornóapáti;187;206;393
VAS;Porpác;74;79;153
VAS;Pósfa;147;125;272
VAS;Pusztacsó;70;88;158
VAS;Püspökmolnári;428;473;901
VAS;Rábagyarmat;401;402;803
VAS;Rábahídvég;502;512;1014
VAS;Rábapaty;843;867;1710
VAS;Rábatöttös;119;114;233
VAS;Rádóckölked;149;137;286
VAS;Rátót;163;136;299
VAS;Répceszentgyörgy;51;64;115
VAS;Rönök;230;210;440
VAS;Rum;527;592;1119
VAS;Sajtoskál;212;206;418
VAS;Salköveskút;248;240;488
VAS;Sárfimizdó;42;58;100
VAS;Sé;669;705;1374
VAS;Simaság;297;309;606
VAS;Sitke;338;354;692
VAS;Sorkifalud;340;345;685
VAS;Sorkikápolna;138;137;275
VAS;Sorokpolány;413;435;848
VAS;Sótony;320;310;630
VAS;Söpte;412;425;837
VAS;Szaknyér;29;28;57
VAS;Szakonyfalu;199;189;388
VAS;Szalafő;108;116;224
VAS;Szarvaskend;118;108;226
VAS;Szatta;44;39;83
VAS;Szeleste;341;352;693
VAS;Szemenye;151;163;314
VAS;Szentpéterfa;511;524;1035
VAS;Szergény;177;184;361
VAS;Szőce;180;190;370
VAS;Tanakajd;374;371;745
VAS;Táplánszentkereszt;1297;1360;2657
VAS;Telekes;271;290;561
VAS;Tokorcs;177;180;357
VAS;Tompaládony;164;164;328
VAS;Tormásliget;160;153;313
VAS;Torony;952;978;1930
VAS;Tömörd;137;134;271
VAS;Uraiújfalu;454;442;896
VAS;Vámoscsalád;156;172;328
VAS;Vasalja;164;177;341
VAS;Vásárosmiske;180;178;358
VAS;Vasasszonyfa;191;176;367
VAS;Vasegerszeg;192;207;399
VAS;Vashosszúfalu;194;203;397
VAS;Vaskeresztes;168;189;357
VAS;Vassurány;435;414;849
VAS;Vasszécseny;707;724;1431
VAS;Vasszentmihály;170;184;354
VAS;Vasszilvágy;212;214;426
VAS;Vát;341;352;693
VAS;Velem;173;183;356
VAS;Velemér;42;35;77
VAS;Viszák;141;130;271
VAS;Vönöck;392;378;770
VAS;Zsédeny;101;104;205
VAS;Zsennye;53;54;107
VES;Veszprém;27530;30578;58108
VES;Ajka;14739;15729;30468
VES;Badacsonytomaj;1120;1236;2356
VES;Balatonalmádi;4564;4776;9340
VES;Balatonfüred;6540;7224;13764
VES;Balatonfűzfő;2224;2299;4523
VES;Balatonkenese;1784;1789;3573
VES;Berhida;3024;3048;6072
VES;Devecser;2424;2539;4963
VES;Herend;1725;1794;3519
VES;Pápa;15249;16655;31904
VES;Sümeg;3140;3362;6502
VES;Tapolca;8032;8817;16849
VES;Várpalota;10370;11033;21403
VES;Zirc;3459;3623;7082
VES;Pétfürdő;2326;2597;4923
VES;Révfülöp;595;614;1209
VES;Ábrahámhegy;275;290;565
VES;Adásztevel;413;429;842
VES;Adorjánháza;213;220;433
VES;Alsóörs;793;782;1575
VES;Apácatorna;97;93;190
VES;Aszófő;225;212;437
VES;Badacsonytördemic;451;478;929
VES;Bakonybél;631;639;1270
VES;Bakonyjákó;348;325;673
VES;Bakonykoppány;102;108;210
VES;Bakonynána;500;536;1036
VES;Bakonyoszlop;255;234;489
VES;Bakonypölöske;198;203;401
VES;Bakonyság;34;44;78
VES;Bakonyszentiván;113;117;230
VES;Bakonyszentkirály;462;463;925
VES;Bakonyszücs;175;164;339
VES;Bakonytamási;370;353;723
VES;Balatonakali;358;347;705
VES;Balatoncsicsó;104;127;231
VES;Balatonederics;530;569;1099
VES;Balatonfőkajár;689;681;1370
VES;Balatonhenye;62;62;124
VES;Balatonrendes;78;71;149
VES;Balatonszepezd;222;216;438
VES;Balatonszőlős;325;308;633
VES;Balatonudvari;191;187;378
VES;Balatonvilágos;703;704;1407
VES;Bánd;323;362;685
VES;Barnag;77;69;146
VES;Bazsi;205;222;427
VES;Béb;124;140;264
VES;Békás;106;113;219
VES;Bodorfa;63;53;116
VES;Borszörcsök;195;219;414
VES;Borzavár;364;377;741
VES;Csabrendek;1600;1540;3140
VES;Csajág;445;432;877
VES;Csehbánya;138;143;281
VES;Csesznek;281;282;563
VES;Csetény;964;988;1952
VES;Csopak;984;1073;2057
VES;Csót;520;544;1064
VES;Csögle;342;363;705
VES;Dabronc;263;253;516
VES;Dabrony;223;207;430
VES;Dáka;339;348;687
VES;Doba;251;264;515
VES;Döbrönte;134;133;267
VES;Dörgicse;153;164;317
VES;Dudar;871;917;1788
VES;Egeralja;121;121;242
VES;Egyházaskesző;248;277;525
VES;Eplény;271;285;556
VES;Farkasgyepű;180;191;371
VES;Felsőörs;847;797;1644
VES;Ganna;166;149;315
VES;Gecse;219;225;444
VES;Gic;196;187;383
VES;Gógánfa;402;408;810
VES;Gyepükaján;175;206;381
VES;Gyulakeszi;363;360;723
VES;Hajmáskér;1508;1627;3135
VES;Halimba;588;606;1194
VES;Hárskút;333;336;669
VES;Hegyesd;88;99;187
VES;Hegymagas;150;158;308
VES;Hetyefő;43;50;93
VES;Hidegkút;224;221;445
VES;Homokbödöge;372;379;751
VES;Hosztót;39;43;82
VES;Iszkáz;197;171;368
VES;Jásd;374;397;771
VES;Kamond;237;209;446
VES;Kapolcs;187;214;401
VES;Káptalanfa;436;432;868
VES;Káptalantóti;244;233;477
VES;Karakószörcsök;170;148;318
VES;Kékkút;61;37;98
VES;Kemeneshőgyész;246;263;509
VES;Kemenesszentpéter;322;351;673
VES;Kerta;338;320;658
VES;Királyszentistván;252;254;506
VES;Kisapáti;197;182;379
VES;Kisberzseny;51;58;109
VES;Kiscsősz;66;72;138
VES;Kislőd;672;619;1291
VES;Kispirit;44;54;98
VES;Kisszőlős;74;76;150
VES;Kolontár;382;410;792
VES;Kővágóörs;456;442;898
VES;Köveskál;205;204;409
VES;Kup;257;238;495
VES;Külsővat;355;413;768
VES;Küngös;278;278;556
VES;Lesencefalu;157;181;338
VES;Lesenceistvánd;511;489;1000
VES;Lesencetomaj;589;602;1191
VES;Litér;1082;1082;2164
VES;Lókút;233;240;473
VES;Lovas;236;216;452
VES;Lovászpatona;645;635;1280
VES;Magyargencs;255;280;535
VES;Magyarpolány;609;644;1253
VES;Malomsok;280;281;561
VES;Marcalgergelyi;211;212;423
VES;Marcaltő;401;406;807
VES;Márkó;618;610;1228
VES;Megyer;27;17;44
VES;Mencshely;129;140;269
VES;Mezőlak;509;532;1041
VES;Mihályháza;401;371;772
VES;Mindszentkálla;143;150;293
VES;Monostorapáti;585;595;1180
VES;Monoszló;73;66;139
VES;Nagyacsád;316;342;658
VES;Nagyalásony;273;248;521
VES;Nagydém;184;209;393
VES;Nagyesztergár;621;615;1236
VES;Nagygyimót;297;302;599
VES;Nagypirit;144;148;292
VES;Nagytevel;295;265;560
VES;Nagyvázsony;931;885;1816
VES;Nemesgörzsöny;340;360;700
VES;Nemesgulács;500;511;1011
VES;Nemeshany;217;213;430
VES;Nemesszalók;492;459;951
VES;Nemesvámos;1395;1314;2709
VES;Nemesvita;195;196;391
VES;Németbánya;50;50;100
VES;Nóráp;106;114;220
VES;Noszlop;549;505;1054
VES;Nyárád;488;486;974
VES;Nyirád;974;1018;1992
VES;Óbudavár;33;27;60
VES;Olaszfalu;537;570;1107
VES;Oroszi;73;73;146
VES;Öcs;103;119;222
VES;Örvényes;87;85;172
VES;Ősi;1086;1083;2169
VES;Öskü;1144;1151;2295
VES;Paloznak;256;250;506
VES;Pápadereske;151;139;290
VES;Pápakovácsi;283;305;588
VES;Pápasalamon;181;180;361
VES;Pápateszér;634;629;1263
VES;Papkeszi;821;803;1624
VES;Pécsely;291;290;581
VES;Pénzesgyőr;174;184;358
VES;Porva;245;240;485
VES;Pula;107;104;211
VES;Pusztamiske;211;228;439
VES;Raposka;127;133;260
VES;Rigács;96;101;197
VES;Salföld;33;41;74
VES;Sáska;149;148;297
VES;Sóly;230;249;479
VES;Somlójenő;166;162;328
VES;Somlószőlős;348;343;691
VES;Somlóvásárhely;599;601;1200
VES;Somlóvecse;52;58;110
VES;Sümegprága;295;357;652
VES;Szápár;249;270;519
VES;Szentantalfa;218;236;454
VES;Szentbékkálla;106;113;219
VES;Szentgál;1439;1451;2890
VES;Szentimrefalva;115;114;229
VES;Szentjakabfa;59;55;114
VES;Szentkirályszabadja;1069;1055;2124
VES;Szigliget;471;489;960
VES;Szőc;214;232;446
VES;Tagyon;50;49;99
VES;Takácsi;466;442;908
VES;Taliándörögd;330;338;668
VES;Tés;439;429;868
VES;Tihany;664;727;1391
VES;Tótvázsony;645;668;1313
VES;Tüskevár;299;297;596
VES;Ugod;709;723;1432
VES;Ukk;176;174;350
VES;Úrkút;1047;1095;2142
VES;Uzsa;180;176;356
VES;Vanyola;292;303;595
VES;Várkesző;91;103;194
VES;Városlőd;694;703;1397
VES;Vaszar;809;822;1631
VES;Vászoly;123;135;258
VES;Veszprémfajsz;132;126;258
VES;Veszprémgalsa;140;146;286
VES;Vid;85;76;161
VES;Vigántpetend;112;112;224
VES;Vilonya;344;332;676
VES;Vinár;128;125;253
VES;Vöröstó;52;47;99
VES;Zalaerdőd;151;176;327
VES;Zalagyömörő;223;247;470
VES;Zalahaláp;648;639;1287
VES;Zalameggyes;36;26;62
VES;Zalaszegvár;75;93;168
VES;Zánka;481;507;988
ZAL;Zalaegerszeg;28075;31389;59464
ZAL;Nagykanizsa;23680;26573;50253
ZAL;Hévíz;2266;2709;4975
ZAL;Keszthely;9486;10888;20374
ZAL;Lenti;4062;4329;8391
ZAL;Letenye;2048;2296;4344
ZAL;Pacsa;882;924;1806
ZAL;Zalakaros;1074;1141;2215
ZAL;Zalalövő;1500;1553;3053
ZAL;Zalaszentgrót;3310;3586;6896
ZAL;Gyenesdiás;1866;1986;3852
ZAL;Vonyarcvashegy;1137;1225;2362
ZAL;Alibánfa;241;215;456
ZAL;Almásháza;38;33;71
ZAL;Alsónemesapáti;344;378;722
ZAL;Alsópáhok;659;740;1399
ZAL;Alsórajk;169;203;372
ZAL;Alsószenterzsébet;41;37;78
ZAL;Babosdöbréte;259;261;520
ZAL;Baglad;27;34;61
ZAL;Bagod;677;633;1310
ZAL;Bak;778;861;1639
ZAL;Baktüttös;170;179;349
ZAL;Balatongyörök;581;610;1191
ZAL;Balatonmagyaród;229;269;498
ZAL;Bánokszentgyörgy;333;329;662
ZAL;Barlahida;89;87;176
ZAL;Batyk;201;214;415
ZAL;Bázakerettye;416;410;826
ZAL;Becsehely;1063;1150;2213
ZAL;Becsvölgye;395;442;837
ZAL;Belezna;396;394;790
ZAL;Belsősárd;53;51;104
ZAL;Bezeréd;74;98;172
ZAL;Bocfölde;585;578;1163
ZAL;Bocska;177;196;373
ZAL;Bókaháza;153;163;316
ZAL;Boncodfölde;171;172;343
ZAL;Borsfa;373;387;760
ZAL;Böde;133;179;312
ZAL;Bödeháza;27;33;60
ZAL;Börzönce;28;29;57
ZAL;Búcsúszentlászló;391;426;817
ZAL;Bucsuta;109;116;225
ZAL;Csapi;80;89;169
ZAL;Csatár;250;295;545
ZAL;Cserszegtomaj;1428;1429;2857
ZAL;Csertalakos;20;16;36
ZAL;Csesztreg;448;425;873
ZAL;Csonkahegyhát;171;194;365
ZAL;Csöde;45;40;85
ZAL;Csömödér;308;332;640
ZAL;Csörnyeföld;190;265;455
ZAL;Dióskál;252;265;517
ZAL;Dobri;86;116;202
ZAL;Dobronhegy;76;69;145
ZAL;Döbröce;40;33;73
ZAL;Dötk;12;13;25
ZAL;Egeraracsa;169;185;354
ZAL;Egervár;512;552;1064
ZAL;Eszteregnye;346;377;723
ZAL;Esztergályhorváti;236;240;476
ZAL;Felsőpáhok;308;342;650
ZAL;Felsőrajk;392;376;768
ZAL;Felsőszenterzsébet;8;7;15
ZAL;Fityeház;320;362;682
ZAL;Fűzvölgy;57;75;132
ZAL;Gáborjánháza;37;43;80
ZAL;Galambok;687;649;1336
ZAL;Garabonc;364;381;745
ZAL;Gellénháza;806;836;1642
ZAL;Gelse;557;576;1133
ZAL;Gelsesziget;138;133;271
ZAL;Gétye;67;58;125
ZAL;Gombosszeg;21;19;40
ZAL;Gosztola;20;32;52
ZAL;Gősfa;148;172;320
ZAL;Gutorfölde;557;547;1104
ZAL;Gyűrűs;50;46;96
ZAL;Hagyárosbörönd;157;162;319
ZAL;Hahót;549;565;1114
ZAL;Hernyék;57;56;113
ZAL;Homokkomárom;106;119;225
ZAL;Hosszúvölgy;87;96;183
ZAL;Hottó;173;181;354
ZAL;Iborfia;10;3;13
ZAL;Iklódbördőce;159;162;321
ZAL;Kacorlak;102;128;230
ZAL;Kallósd;43;45;88
ZAL;Kálócfa;87;87;174
ZAL;Kányavár;63;72;135
ZAL;Karmacs;371;407;778
ZAL;Kávás;121;144;265
ZAL;Kehidakustány;540;522;1062
ZAL;Kemendollár;256;263;519
ZAL;Keménfa;39;60;99
ZAL;Kerecseny;129;137;266
ZAL;Kerkabarabás;146;148;294
ZAL;Kerkafalva;56;61;117
ZAL;Kerkakutas;73;78;151
ZAL;Kerkaszentkirály;130;131;261
ZAL;Kerkateskánd;78;95;173
ZAL;Kilimán;127;134;261
ZAL;Kisbucsa;224;228;452
ZAL;Kiscsehi;84;89;173
ZAL;Kisgörbő;100;94;194
ZAL;Kiskutas;92;101;193
ZAL;Kispáli;138;145;283
ZAL;Kisrécse;102;92;194
ZAL;Kissziget;95;100;195
ZAL;Kistolmács;85;101;186
ZAL;Kisvásárhely;23;37;60
ZAL;Kozmadombja;22;27;49
ZAL;Kustánszeg;261;272;533
ZAL;Külsősárd;39;44;83
ZAL;Lakhegy;227;241;468
ZAL;Lasztonya;56;63;119
ZAL;Lendvadedes;13;22;35
ZAL;Lendvajakabfa;21;18;39
ZAL;Lickóvadamos;112;112;224
ZAL;Ligetfalva;26;28;54
ZAL;Lispeszentadorján;160;173;333
ZAL;Liszó;202;207;409
ZAL;Lovászi;609;632;1241
ZAL;Magyarföld;21;30;51
ZAL;Magyarszentmiklós;138;140;278
ZAL;Magyarszerdahely;263;294;557
ZAL;Maróc;36;55;91
ZAL;Márokföld;30;24;54
ZAL;Miháld;413;445;858
ZAL;Mihályfa;223;175;398
ZAL;Mikekarácsonyfa;145;163;308
ZAL;Milejszeg;168;177;345
ZAL;Misefa;155;145;300
ZAL;Molnári;357;357;714
ZAL;Murakeresztúr;905;943;1848
ZAL;Murarátka;134;132;266
ZAL;Muraszemenye;300;298;598
ZAL;Nagybakónak;216;226;442
ZAL;Nagygörbő;87;108;195
ZAL;Nagykapornak;442;491;933
ZAL;Nagykutas;239;246;485
ZAL;Nagylengyel;269;284;553
ZAL;Nagypáli;226;234;460
ZAL;Nagyrada;265;258;523
ZAL;Nagyrécse;521;562;1083
ZAL;Nemesapáti;256;284;540
ZAL;Nemesbük;352;363;715
ZAL;Nemeshetés;143;140;283
ZAL;Nemesnép;61;68;129
ZAL;Nemespátró;150;170;320
ZAL;Nemesrádó;163;156;319
ZAL;Nemessándorháza;159;163;322
ZAL;Nemesszentandrás;143;149;292
ZAL;Németfalu;90;101;191
ZAL;Nova;409;428;837
ZAL;Óhíd;294;307;601
ZAL;Oltárc;140;154;294
ZAL;Orbányosfa;67;69;136
ZAL;Ormándlak;60;74;134
ZAL;Orosztony;241;247;488
ZAL;Ortaháza;52;70;122
ZAL;Ozmánbük;90;105;195
ZAL;Padár;68;72;140
ZAL;Páka;583;612;1195
ZAL;Pakod;457;489;946
ZAL;Pálfiszeg;87;81;168
ZAL;Pat;99;129;228
ZAL;Pethőhenye;225;219;444
ZAL;Petrikeresztúr;168;204;372
ZAL;Petrivente;193;213;406
ZAL;Pókaszepetk;472;484;956
ZAL;Pórszombat;165;156;321
ZAL;Pölöske;470;441;911
ZAL;Pölöskefő;186;213;399
ZAL;Pördefölde;33;32;65
ZAL;Pötréte;143;149;292
ZAL;Pusztaapáti;23;13;36
ZAL;Pusztaederics;85;92;177
ZAL;Pusztamagyaród;311;316;627
ZAL;Pusztaszentlászló;297;341;638
ZAL;Ramocsa;20;18;38
ZAL;Rédics;475;513;988
ZAL;Resznek;149;159;308
ZAL;Rezi;598;649;1247
ZAL;Rigyác;198;215;413
ZAL;Salomvár;314;290;604
ZAL;Sand;193;223;416
ZAL;Sárhida;411;409;820
ZAL;Sármellék;873;970;1843
ZAL;Semjénháza;307;310;617
ZAL;Sénye;28;23;51
ZAL;Sormás;462;456;918
ZAL;Söjtör;742;813;1555
ZAL;Surd;295;326;621
ZAL;Sümegcsehi;322;340;662
ZAL;Szalapa;103;118;221
ZAL;Szécsisziget;112;127;239
ZAL;Szentgyörgyvár;168;163;331
ZAL;Szentgyörgyvölgy;225;231;456
ZAL;Szentkozmadombja;26;37;63
ZAL;Szentliszló;150;169;319
ZAL;Szentmargitfalva;52;43;95
ZAL;Szentpéterfölde;77;80;157
ZAL;Szentpéterúr;528;542;1070
ZAL;Szepetnek;795;864;1659
ZAL;Szijártóháza;18;11;29
ZAL;Szilvágy;95;108;203
ZAL;Tekenye;219;258;477
ZAL;Teskánd;592;550;1142
ZAL;Tilaj;108;95;203
ZAL;Tófej;338;367;705
ZAL;Tormafölde;190;188;378
ZAL;Tornyiszentmiklós;306;308;614
ZAL;Tótszentmárton;463;446;909
ZAL;Tótszerdahely;524;634;1158
ZAL;Türje;841;898;1739
ZAL;Újudvar;507;503;1010
ZAL;Valkonya;36;31;67
ZAL;Vállus;78;66;144
ZAL;Várfölde;88;112;200
ZAL;Várvölgy;541;527;1068
ZAL;Vasboldogasszony;276;303;579
ZAL;Vaspör;194;201;395
ZAL;Vindornyafok;72;69;141
ZAL;Vindornyalak;46;56;102
ZAL;Vindornyaszőlős;182;172;354
ZAL;Vöckönd;38;46;84
ZAL;Zajk;120;131;251
ZAL;Zalaapáti;828;885;1713
ZAL;Zalabaksa;338;371;709
ZAL;Zalabér;358;386;744
ZAL;Zalaboldogfa;190;196;386
ZAL;Zalacsány;517;515;1032
ZAL;Zalacséb;284;288;572
ZAL;Zalaháshágy;186;198;384
ZAL;Zalaigrice;72;66;138
ZAL;Zalaistvánd;180;192;372
ZAL;Zalakomár;1504;1636;3140
ZAL;Zalaköveskút;18;10;28
ZAL;Zalamerenye;83;97;180
ZAL;Zalasárszeg;64;66;130
ZAL;Zalaszabar;288;321;609
ZAL;Zalaszántó;484;514;998
ZAL;Zalaszentbalázs;399;442;841
ZAL;Zalaszentgyörgy;209;209;418
ZAL;Zalaszentiván;531;557;1088
ZAL;Zalaszentjakab;174;186;360
ZAL;Zalaszentlászló;393;427;820
ZAL;Zalaszentlőrinc;152;146;298
ZAL;Zalaszentmárton;37;41;78
ZAL;Zalaszentmihály;507;540;1047
ZAL;Zalaszombatfa;20;31;51
ZAL;Zalatárnok;343;356;699
ZAL;Zalaújlak;61;50;111
ZAL;Zalavár;480;509;989
ZAL;Zalavég;210;191;401
ZAL;Zebecke;42;43;85
