County;City;Male population;Female population;All population
BUD;Budapest;783721;891649;1675370
BAC;Kecskemét;52310;57806;110116
BAC;Bácsalmás;3186;3407;6593
BAC;Baja;16789;18914;35703
BAC;Dunavecse;1941;2086;4027
BAC;Hajós;1396;1569;2965
BAC;Izsák;2877;3078;5955
BAC;Jánoshalma;4198;4428;8626
BAC;Kalocsa;7494;8423;15917
BAC;Kecel;4148;4427;8575
BAC;Kerekegyháza;3376;3423;6799
BAC;Kiskőrös;6692;7414;14106
BAC;Kiskunfélegyháza;14343;15696;30039
BAC;Kiskunhalas;13470;14636;28106
BAC;Kiskunmajsa;5539;6010;11549
BAC;Kunszentmiklós;4108;4309;8417
BAC;Lajosmizse;6110;6010;12120
BAC;Mélykút;2481;2585;5066
BAC;Solt;3111;3323;6434
BAC;Soltvadkert;3600;3800;7400
BAC;Szabadszállás;3034;3278;6312
BAC;Tiszakécske;5633;5903;11536
BAC;Tompa;2326;2350;4676
BAC;Bácsbokod;1288;1314;2602
BAC;Bugac;1328;1352;2680
BAC;Dunapataj;1542;1613;3155
BAC;Harta;1664;1776;3440
BAC;Lakitelek;2418;2503;4921
BAC;Sükösd;1820;1842;3662
BAC;Tiszaalpár;2454;2562;5016
BAC;Ágasegyháza;993;993;1986
BAC;Akasztó;1616;1709;3325
BAC;Apostag;1075;1014;2089
BAC;Bácsborsód;552;569;1121
BAC;Bácsszentgyörgy;87;71;158
BAC;Bácsszőlős;180;158;338
BAC;Ballószög;1904;1912;3816
BAC;Balotaszállás;736;802;1538
BAC;Bátmonostor;768;773;1541
BAC;Bátya;1023;1029;2052
BAC;Bócsa;968;953;1921
BAC;Borota;618;637;1255
BAC;Bugacpusztaháza;135;134;269
BAC;Császártöltés;1084;1196;2280
BAC;Csátalja;740;749;1489
BAC;Csávoly;870;896;1766
BAC;Csengőd;1011;1102;2113
BAC;Csikéria;372;406;778
BAC;Csólyospálos;811;811;1622
BAC;Dávod;997;1049;2046
BAC;Drágszél;167;169;336
BAC;Dunaegyháza;745;717;1462
BAC;Dunafalva;462;444;906
BAC;Dunaszentbenedek;403;406;809
BAC;Dunatetétlen;268;282;550
BAC;Dusnok;1471;1540;3011
BAC;Érsekcsanád;1473;1498;2971
BAC;Érsekhalma;311;295;606
BAC;Fajsz;826;838;1664
BAC;Felsőlajos;496;456;952
BAC;Felsőszentiván;888;966;1854
BAC;Foktő;764;808;1572
BAC;Fülöpháza;458;442;900
BAC;Fülöpjakab;604;552;1156
BAC;Fülöpszállás;1140;1197;2337
BAC;Gara;1067;1161;2228
BAC;Gátér;458;461;919
BAC;Géderlak;456;523;979
BAC;Harkakötöny;409;430;839
BAC;Helvécia;2461;2428;4889
BAC;Hercegszántó;963;972;1935
BAC;Homokmégy;636;666;1302
BAC;Imrehegy;346;322;668
BAC;Jakabszállás;1328;1387;2715
BAC;Jászszentlászló;1233;1283;2516
BAC;Kaskantyú;513;465;978
BAC;Katymár;881;923;1804
BAC;Kelebia;1256;1295;2551
BAC;Kéleshalom;226;214;440
BAC;Kisszállás;1192;1233;2425
BAC;Kömpöc;333;367;700
BAC;Kunadacs;751;728;1479
BAC;Kunbaja;735;783;1518
BAC;Kunbaracs;308;346;654
BAC;Kunfehértó;1093;1147;2240
BAC;Kunpeszér;360;362;722
BAC;Kunszállás;835;909;1744
BAC;Ladánybene;883;829;1712
BAC;Madaras;1355;1446;2801
BAC;Mátételke;257;266;523
BAC;Miske;870;890;1760
BAC;Móricgát;234;242;476
BAC;Nagybaracska;1116;1150;2266
BAC;Nemesnádudvar;891;913;1804
BAC;Nyárlőrinc;1162;1178;2340
BAC;Ordas;214;241;455
BAC;Orgovány;1671;1785;3456
BAC;Öregcsertő;386;384;770
BAC;Páhi;589;585;1174
BAC;Pálmonostora;939;904;1843
BAC;Petőfiszállás;786;791;1577
BAC;Pirtó;498;455;953
BAC;Rém;640;650;1290
BAC;Soltszentimre;659;671;1330
BAC;Szakmár;634;607;1241
BAC;Szalkszentmárton;1442;1407;2849
BAC;Szank;1186;1205;2391
BAC;Szentkirály;973;943;1916
BAC;Szeremle;698;698;1396
BAC;Tabdi;537;544;1081
BAC;Tass;1496;1502;2998
BAC;Tataháza;535;606;1141
BAC;Tázlár;876;854;1730
BAC;Tiszaug;461;482;943
BAC;Újsolt;102;89;191
BAC;Újtelek;195;197;392
BAC;Uszód;443;493;936
BAC;Városföld;1122;1202;2324
BAC;Vaskút;1674;1795;3469
BAC;Zsana;392;371;763
BAR;Pécs;68202;78519;146721
BAR;Bóly;1817;1922;3739
BAR;Harkány;2410;2612;5022
BAR;Komló;11780;12828;24608
BAR;Kozármisleny;3240;3336;6576
BAR;Mágocs;1147;1143;2290
BAR;Mohács;8838;9810;18648
BAR;Pécsvárad;1928;2070;3998
BAR;Sásd;1495;1587;3082
BAR;Sellye;1321;1363;2684
BAR;Siklós;4497;5134;9631
BAR;Szentlőrinc;3097;3376;6473
BAR;Szigetvár;4886;5455;10341
BAR;Villány;1087;1173;2260
BAR;Beremend;1175;1239;2414
BAR;Szászvár;1140;1188;2328
BAR;Vajszló;841;925;1766
BAR;Abaliget;351;334;685
BAR;Adorjás;97;94;191
BAR;Ág;99;88;187
BAR;Almamellék;215;237;452
BAR;Almáskeresztúr;42;41;83
BAR;Alsómocsolád;158;166;324
BAR;Alsószentmárton;662;576;1238
BAR;Apátvarasd;65;68;133
BAR;Aranyosgadány;198;179;377
BAR;Áta;95;104;199
BAR;Babarc;362;389;751
BAR;Babarcszőlős;71;53;124
BAR;Bakóca;147;153;300
BAR;Bakonya;194;201;395
BAR;Baksa;391;401;792
BAR;Bánfa;99;105;204
BAR;Bár;275;280;555
BAR;Baranyahídvég;111;87;198
BAR;Baranyajenő;233;249;482
BAR;Baranyaszentgyörgy;71;61;132
BAR;Basal;105;101;206
BAR;Belvárdgyula;207;201;408
BAR;Berkesd;446;430;876
BAR;Besence;70;48;118
BAR;Bezedek;116;125;241
BAR;Bicsérd;528;530;1058
BAR;Bikal;358;360;718
BAR;Birján;261;269;530
BAR;Bisse;119;116;235
BAR;Boda;219;213;432
BAR;Bodolyabér;120;120;240
BAR;Bogád;573;575;1148
BAR;Bogádmindszent;238;220;458
BAR;Bogdása;126;133;259
BAR;Boldogasszonyfa;230;204;434
BAR;Borjád;230;201;431
BAR;Bosta;73;74;147
BAR;Botykapeterd;180;168;348
BAR;Bükkösd;572;550;1122
BAR;Bürüs;46;49;95
BAR;Csányoszró;318;309;627
BAR;Csarnóta;69;75;144
BAR;Csebény;64;51;115
BAR;Cserdi;194;189;383
BAR;Cserkút;321;313;634
BAR;Csertő;201;214;415
BAR;Csonkamindszent;88;92;180
BAR;Cún;116;105;221
BAR;Dencsháza;307;285;592
BAR;Dinnyeberki;48;41;89
BAR;Diósviszló;343;353;696
BAR;Drávacsehi;93;95;188
BAR;Drávacsepely;116;97;213
BAR;Drávafok;262;268;530
BAR;Drávaiványi;96;97;193
BAR;Drávakeresztúr;70;62;132
BAR;Drávapalkonya;143;121;264
BAR;Drávapiski;55;44;99
BAR;Drávaszabolcs;361;330;691
BAR;Drávaszerdahely;94;87;181
BAR;Drávasztára;211;199;410
BAR;Dunaszekcső;940;939;1879
BAR;Egerág;507;506;1013
BAR;Egyházasharaszti;164;184;348
BAR;Egyházaskozár;353;395;748
BAR;Ellend;112;117;229
BAR;Endrőc;189;167;356
BAR;Erdősmárok;54;38;92
BAR;Erdősmecske;175;182;357
BAR;Erzsébet;156;146;302
BAR;Fazekasboda;103;100;203
BAR;Feked;111;100;211
BAR;Felsőegerszeg;57;65;122
BAR;Felsőszentmárton;404;450;854
BAR;Garé;159;145;304
BAR;Gerde;269;283;552
BAR;Gerényes;129;124;253
BAR;Geresdlak;376;401;777
BAR;Gilvánfa;206;190;396
BAR;Gordisa;158;153;311
BAR;Gödre;415;409;824
BAR;Görcsöny;745;832;1577
BAR;Görcsönydoboka;185;187;372
BAR;Gyód;368;372;740
BAR;Gyöngyfa;84;74;158
BAR;Gyöngyösmellék;164;153;317
BAR;Hásságy;146;160;306
BAR;Hegyhátmaróc;76;78;154
BAR;Hegyszentmárton;196;201;397
BAR;Helesfa;242;230;472
BAR;Hetvehely;230;240;470
BAR;Hidas;1031;1077;2108
BAR;Himesháza;483;550;1033
BAR;Hirics;141;129;270
BAR;Hobol;466;503;969
BAR;Homorúd;288;287;575
BAR;Horváthertelend;32;28;60
BAR;Hosszúhetény;1729;1722;3451
BAR;Husztót;33;31;64
BAR;Ibafa;113;103;216
BAR;Illocska;139;133;272
BAR;Ipacsfa;101;106;207
BAR;Ivánbattyán;54;63;117
BAR;Ivándárda;117;121;238
BAR;Kacsóta;135;151;286
BAR;Kákics;105;104;209
BAR;Kárász;156;177;333
BAR;Kásád;146;152;298
BAR;Katádfa;79;78;157
BAR;Kátoly;144;150;294
BAR;Kékesd;96;89;185
BAR;Kémes;244;235;479
BAR;Kemse;36;27;63
BAR;Keszü;719;714;1433
BAR;Kétújfalu;350;361;711
BAR;Királyegyháza;486;460;946
BAR;Kisasszonyfa;105;108;213
BAR;Kisbeszterce;47;36;83
BAR;Kisbudmér;61;51;112
BAR;Kisdér;61;62;123
BAR;Kisdobsza;133;127;260
BAR;Kishajmás;107;97;204
BAR;Kisharsány;244;250;494
BAR;Kisherend;112;102;214
BAR;Kisjakabfalva;75;52;127
BAR;Kiskassa;125;127;252
BAR;Kislippó;155;146;301
BAR;Kisnyárád;106;87;193
BAR;Kisszentmárton;133;130;263
BAR;Kistamási;62;81;143
BAR;Kistapolca;97;98;195
BAR;Kistótfalu;158;149;307
BAR;Kisvaszar;184;162;346
BAR;Kórós;112;106;218
BAR;Kovácshida;128;136;264
BAR;Kovácsszénája;51;36;87
BAR;Köblény;106;113;219
BAR;Kökény;346;342;688
BAR;Kölked;508;518;1026
BAR;Kővágószőlős;647;691;1338
BAR;Kővágótöttös;166;184;350
BAR;Lánycsók;1249;1251;2500
BAR;Lapáncsa;93;82;175
BAR;Liget;217;197;414
BAR;Lippó;258;251;509
BAR;Liptód;104;113;217
BAR;Lothárd;130;132;262
BAR;Lovászhetény;161;146;307
BAR;Lúzsok;125;113;238
BAR;Magyarbóly;439;483;922
BAR;Magyaregregy;349;402;751
BAR;Magyarhertelend;321;316;637
BAR;Magyarlukafa;47;47;94
BAR;Magyarmecske;159;178;337
BAR;Magyarsarlós;147;147;294
BAR;Magyarszék;511;526;1037
BAR;Magyartelek;102;106;208
BAR;Majs;464;492;956
BAR;Mánfa;415;378;793
BAR;Maráza;87;106;193
BAR;Márfa;109;106;215
BAR;Máriakéménd;258;249;507
BAR;Markóc;33;32;65
BAR;Marócsa;38;41;79
BAR;Márok;197;235;432
BAR;Martonfa;112;121;233
BAR;Matty;159;173;332
BAR;Máza;587;650;1237
BAR;Mecseknádasd;750;832;1582
BAR;Mecsekpölöske;216;213;429
BAR;Mekényes;141;141;282
BAR;Merenye;140;133;273
BAR;Meződ;66;50;116
BAR;Mindszentgodisa;423;431;854
BAR;Molvány;88;83;171
BAR;Monyoród;91;89;180
BAR;Mozsgó;478;461;939
BAR;Nagybudmér;71;85;156
BAR;Nagycsány;69;66;135
BAR;Nagydobsza;307;305;612
BAR;Nagyhajmás;179;149;328
BAR;Nagyharsány;719;755;1474
BAR;Nagykozár;1020;1060;2080
BAR;Nagynyárád;337;360;697
BAR;Nagypall;185;202;387
BAR;Nagypeterd;327;352;679
BAR;Nagytótfalu;172;171;343
BAR;Nagyváty;167;159;326
BAR;Nemeske;108;115;223
BAR;Nyugotszenterzsébet;124;121;245
BAR;Óbánya;71;75;146
BAR;Ócsárd;212;205;417
BAR;Ófalu;169;181;350
BAR;Okorág;85;80;165
BAR;Okorvölgy;47;42;89
BAR;Olasz;303;327;630
BAR;Old;182;159;341
BAR;Orfű;556;555;1111
BAR;Oroszló;145;142;287
BAR;Ózdfalu;86;66;152
BAR;Palé;55;48;103
BAR;Palkonya;142;136;278
BAR;Palotabozsok;409;432;841
BAR;Páprád;75;85;160
BAR;Patapoklosi;185;178;363
BAR;Pécsbagota;57;45;102
BAR;Pécsdevecser;48;67;115
BAR;Pécsudvard;417;394;811
BAR;Pellérd;1189;1185;2374
BAR;Pereked;86;77;163
BAR;Peterd;118;102;220
BAR;Pettend;105;93;198
BAR;Piskó;144;124;268
BAR;Pócsa;92;84;176
BAR;Pogány;645;693;1338
BAR;Rádfalva;96;107;203
BAR;Regenye;88;80;168
BAR;Romonya;273;269;542
BAR;Rózsafa;171;183;354
BAR;Sámod;90;107;197
BAR;Sárok;64;55;119
BAR;Sátorhely;312;336;648
BAR;Siklósbodony;81;80;161
BAR;Siklósnagyfalu;220;240;460
BAR;Somberek;689;772;1461
BAR;Somogyapáti;248;246;494
BAR;Somogyhárságy;219;220;439
BAR;Somogyhatvan;192;174;366
BAR;Somogyviszló;123;129;252
BAR;Sósvertike;92;86;178
BAR;Sumony;233;236;469
BAR;Szabadszentkirály;411;424;835
BAR;Szágy;69;62;131
BAR;Szajk;398;416;814
BAR;Szalánta;563;615;1178
BAR;Szalatnak;154;166;320
BAR;Szaporca;117;115;232
BAR;Szárász;27;20;47
BAR;Szava;167;163;330
BAR;Szebény;179;176;355
BAR;Szederkény;816;918;1734
BAR;Székelyszabar;287;295;582
BAR;Szellő;73;79;152
BAR;Szemely;231;245;476
BAR;Szentdénes;167;157;324
BAR;Szentegát;182;194;376
BAR;Szentkatalin;58;55;113
BAR;Szentlászló;392;431;823
BAR;Szilágy;148;142;290
BAR;Szilvás;74;79;153
BAR;Szőke;70;69;139
BAR;Szőkéd;184;195;379
BAR;Szörény;41;36;77
BAR;Szulimán;129;120;249
BAR;Szűr;128;141;269
BAR;Tarrós;50;58;108
BAR;Tékes;132;121;253
BAR;Teklafalu;154;179;333
BAR;Tengeri;24;23;47
BAR;Tésenfa;96;105;201
BAR;Téseny;175;154;329
BAR;Tófű;65;62;127
BAR;Tormás;157;123;280
BAR;Tótszentgyörgy;82;73;155
BAR;Töttös;278;277;555
BAR;Túrony;143;136;279
BAR;Udvar;63;72;135
BAR;Újpetre;523;523;1046
BAR;Várad;72;63;135
BAR;Varga;40;41;81
BAR;Vásárosbéc;119;102;221
BAR;Vásárosdombó;533;575;1108
BAR;Vázsnok;73;61;134
BAR;Vejti;82;76;158
BAR;Vékény;77;63;140
BAR;Velény;73;65;138
BAR;Véménd;708;707;1415
BAR;Versend;465;504;969
BAR;Villánykövesd;130;135;265
BAR;Vokány;433;441;874
BAR;Zádor;163;176;339
BAR;Zaláta;123;124;247
BAR;Zengővárkony;214;221;435
BAR;Zók;136;152;288
BEK;Békéscsaba;27725;31332;59057
BEK;Battonya;2919;3007;5926
BEK;Békés;9390;9894;19284
BEK;Csorvás;2313;2517;4830
BEK;Dévaványa;3725;3752;7477
BEK;Elek;2326;2459;4785
BEK;Füzesgyarmat;2756;2827;5583
BEK;Gyomaendrőd;6446;6984;13430
BEK;Gyula;14345;15844;30189
BEK;Kondoros;2348;2519;4867
BEK;Körösladány;2208;2318;4526
BEK;Medgyesegyháza;1707;1794;3501
BEK;Mezőberény;4917;5337;10254
BEK;Mezőhegyes;2466;2585;5051
BEK;Mezőkovácsháza;2737;3039;5776
BEK;Orosháza;13601;14743;28344
BEK;Sarkad;4896;5216;10112
BEK;Szarvas;7552;8131;15683
BEK;Szeghalom;4423;4476;8899
BEK;Tótkomlós;2795;3032;5827
BEK;Újkígyós;2508;2594;5102
BEK;Vésztő;3487;3447;6934
BEK;Békésszentandrás;1820;1833;3653
BEK;Csabacsűd;859;877;1736
BEK;Doboz;2059;2190;4249
BEK;Dombegyház;1001;1032;2033
BEK;Gádoros;1819;1843;3662
BEK;Kétegyháza;1743;1905;3648
BEK;Kevermes;921;935;1856
BEK;Nagyszénás;2362;2474;4836
BEK;Almáskamarás;448;422;870
BEK;Békéssámson;1205;1179;2384
BEK;Bélmegyer;482;453;935
BEK;Biharugra;455;458;913
BEK;Bucsa;1150;1136;2286
BEK;Csabaszabadi;160;131;291
BEK;Csanádapáca;1246;1296;2542
BEK;Csárdaszállás;214;209;423
BEK;Dombiratos;264;288;552
BEK;Ecsegfalva;612;588;1200
BEK;Gerendás;589;628;1217
BEK;Geszt;373;389;762
BEK;Hunya;295;327;622
BEK;Kamut;506;539;1045
BEK;Kardos;290;267;557
BEK;Kardoskút;399;416;815
BEK;Kaszaper;891;932;1823
BEK;Kertészsziget;197;174;371
BEK;Kétsoprony;701;660;1361
BEK;Kisdombegyház;246;241;487
BEK;Körösnagyharsány;276;290;566
BEK;Köröstarcsa;1218;1254;2472
BEK;Körösújfalu;251;251;502
BEK;Kötegyán;707;710;1417
BEK;Kunágota;1355;1344;2699
BEK;Lőkösháza;879;916;1795
BEK;Magyarbánhegyes;1090;1106;2196
BEK;Magyardombegyház;120;109;229
BEK;Medgyesbodzás;514;471;985
BEK;Méhkerék;1051;1042;2093
BEK;Mezőgyán;517;525;1042
BEK;Murony;613;612;1225
BEK;Nagybánhegyes;604;636;1240
BEK;Nagykamarás;623;676;1299
BEK;Okány;1202;1239;2441
BEK;Örménykút;169;164;333
BEK;Pusztaföldvár;802;820;1622
BEK;Pusztaottlaka;185;170;355
BEK;Sarkadkeresztúr;733;767;1500
BEK;Szabadkígyós;1284;1343;2627
BEK;Tarhos;380;420;800
BEK;Telekgerendás;753;754;1507
BEK;Újszalonta;57;45;102
BEK;Végegyháza;645;654;1299
BEK;Zsadány;863;792;1655
BOR;Miskolc;73789;83755;157544
BOR;Abaújszántó;1471;1464;2935
BOR;Alsózsolca;2865;2905;5770
BOR;Borsodnádasd;1546;1589;3135
BOR;Cigánd;1609;1583;3192
BOR;Edelény;4805;5087;9892
BOR;Emőd;2480;2513;4993
BOR;Encs;3014;3338;6352
BOR;Felsőzsolca;3286;3452;6738
BOR;Gönc;982;989;1971
BOR;Kazincbarcika;12927;14300;27227
BOR;Mezőcsát;2950;2982;5932
BOR;Mezőkeresztes;1808;1877;3685
BOR;Mezőkövesd;7873;8537;16410
BOR;Nyékládháza;2491;2674;5165
BOR;Onga;2442;2513;4955
BOR;Ózd;16628;18058;34686
BOR;Pálháza;512;561;1073
BOR;Putnok;3367;3542;6909
BOR;Rudabánya;1255;1302;2557
BOR;Sajóbábony;1309;1365;2674
BOR;Sajószentpéter;5955;6297;12252
BOR;Sárospatak;5881;6283;12164
BOR;Sátoraljaújhely;7061;7742;14803
BOR;Szendrő;1998;2138;4136
BOR;Szerencs;4297;4812;9109
BOR;Szikszó;2671;2919;5590
BOR;Tiszaújváros;7558;8655;16213
BOR;Tokaj;1785;2039;3824
BOR;Arló;1905;1938;3843
BOR;Izsófalva;891;850;1741
BOR;Múcsony;1470;1508;2978
BOR;Ricse;889;953;1842
BOR;Szentistván;1174;1226;2400
BOR;Szirmabesenyő;2131;2181;4312
BOR;Taktaharkány;1762;1859;3621
BOR;Tiszalúc;2528;2551;5079
BOR;Abaújalpár;37;32;69
BOR;Abaújkér;290;314;604
BOR;Abaújlak;45;44;89
BOR;Abaújszolnok;102;99;201
BOR;Abaújvár;117;117;234
BOR;Abod;81;99;180
BOR;Aggtelek;264;273;537
BOR;Alacska;355;394;749
BOR;Alsóberecki;375;363;738
BOR;Alsódobsza;156;152;308
BOR;Alsógagy;38;55;93
BOR;Alsóregmec;95;101;196
BOR;Alsószuha;225;217;442
BOR;Alsótelekes;70;79;149
BOR;Alsóvadász;773;796;1569
BOR;Arka;41;42;83
BOR;Arnót;1216;1238;2454
BOR;Ároktő;573;575;1148
BOR;Aszaló;898;945;1843
BOR;Baktakék;385;417;802
BOR;Balajt;244;258;502
BOR;Bánhorváti;675;711;1386
BOR;Bánréve;589;645;1234
BOR;Baskó;92;105;197
BOR;Becskeháza;17;19;36
BOR;Bekecs;1194;1235;2429
BOR;Berente;544;601;1145
BOR;Beret;157;139;296
BOR;Berzék;496;527;1023
BOR;Bodroghalom;662;677;1339
BOR;Bodrogkeresztúr;480;550;1030
BOR;Bodrogkisfalud;435;465;900
BOR;Bodrogolaszi;444;454;898
BOR;Bódvalenke;146;144;290
BOR;Bódvarákó;64;52;116
BOR;Bódvaszilas;492;534;1026
BOR;Bogács;982;1098;2080
BOR;Boldogkőújfalu;310;317;627
BOR;Boldogkőváralja;489;500;989
BOR;Boldva;1226;1197;2423
BOR;Borsodbóta;417;436;853
BOR;Borsodgeszt;141;154;295
BOR;Borsodivánka;312;359;671
BOR;Borsodszentgyörgy;578;615;1193
BOR;Borsodszirák;603;614;1217
BOR;Bózsva;105;91;196
BOR;Bőcs;1369;1409;2778
BOR;Bükkábrány;772;869;1641
BOR;Bükkaranyos;747;791;1538
BOR;Bükkmogyorósd;62;69;131
BOR;Bükkszentkereszt;592;575;1167
BOR;Bükkzsérc;456;515;971
BOR;Büttös;88;86;174
BOR;Csenyéte;270;264;534
BOR;Cserépfalu;447;500;947
BOR;Cserépváralja;189;214;403
BOR;Csernely;402;353;755
BOR;Csincse;279;281;560
BOR;Csobád;348;347;695
BOR;Csobaj;341;341;682
BOR;Csokvaomány;405;404;809
BOR;Damak;130;131;261
BOR;Dámóc;199;186;385
BOR;Debréte;12;6;18
BOR;Dédestapolcsány;685;755;1440
BOR;Detek;129;133;262
BOR;Domaháza;430;424;854
BOR;Dövény;123;146;269
BOR;Dubicsány;136;139;275
BOR;Egerlövő;273;275;548
BOR;Égerszög;25;31;56
BOR;Erdőbénye;549;560;1109
BOR;Erdőhorváti;293;290;583
BOR;Fáj;245;237;482
BOR;Fancsal;164;181;345
BOR;Farkaslyuk;984;964;1948
BOR;Felsőberecki;143;138;281
BOR;Felsődobsza;434;496;930
BOR;Felsőgagy;115;112;227
BOR;Felsőkelecsény;191;172;363
BOR;Felsőnyárád;470;514;984
BOR;Felsőregmec;178;186;364
BOR;Felsőtelekes;357;365;722
BOR;Felsővadász;304;263;567
BOR;Filkeháza;50;54;104
BOR;Fony;160;154;314
BOR;Forró;1331;1369;2700
BOR;Fulókércs;219;215;434
BOR;Füzér;181;214;395
BOR;Füzérkajata;60;58;118
BOR;Füzérkomlós;166;149;315
BOR;Füzérradvány;168;156;324
BOR;Gadna;189;163;352
BOR;Gagyapáti;26;30;56
BOR;Gagybátor;111;113;224
BOR;Gagyvendégi;110;100;210
BOR;Galvács;48;44;92
BOR;Garadna;182;171;353
BOR;Gelej;295;287;582
BOR;Gesztely;1350;1372;2722
BOR;Gibárt;165;187;352
BOR;Girincs;436;457;893
BOR;Golop;277;292;569
BOR;Gömörszőlős;41;40;81
BOR;Göncruszka;324;328;652
BOR;Györgytarló;287;286;573
BOR;Halmaj;791;877;1668
BOR;Hangács;287;289;576
BOR;Hangony;758;775;1533
BOR;Háromhuta;58;76;134
BOR;Harsány;1023;1013;2036
BOR;Hegymeg;56;61;117
BOR;Hejce;136;113;249
BOR;Hejőbába;966;951;1917
BOR;Hejőkeresztúr;526;516;1042
BOR;Hejőkürt;137;140;277
BOR;Hejőpapi;591;550;1141
BOR;Hejőszalonta;424;404;828
BOR;Hercegkút;311;356;667
BOR;Hernádbűd;68;71;139
BOR;Hernádcéce;117;131;248
BOR;Hernádkak;845;820;1665
BOR;Hernádkércs;150;161;311
BOR;Hernádnémeti;1803;1804;3607
BOR;Hernádpetri;131;138;269
BOR;Hernádszentandrás;196;223;419
BOR;Hernádszurdok;92;88;180
BOR;Hernádvécse;559;543;1102
BOR;Hét;236;233;469
BOR;Hidasnémeti;560;545;1105
BOR;Hidvégardó;273;294;567
BOR;Hollóháza;387;442;829
BOR;Homrogd;467;446;913
BOR;Igrici;594;602;1196
BOR;Imola;51;51;102
BOR;Ináncs;578;595;1173
BOR;Irota;39;45;84
BOR;Jákfalva;271;241;512
BOR;Járdánháza;854;939;1793
BOR;Jósvafő;119;138;257
BOR;Kács;236;257;493
BOR;Kánó;72;81;153
BOR;Kány;30;27;57
BOR;Karcsa;928;919;1847
BOR;Karos;253;261;514
BOR;Kázsmárk;531;514;1045
BOR;Kéked;98;91;189
BOR;Kelemér;250;242;492
BOR;Kenézlő;620;595;1215
BOR;Keresztéte;24;12;36
BOR;Kesznyéten;913;901;1814
BOR;Királd;379;387;766
BOR;Kiscsécs;103;93;196
BOR;Kisgyőr;795;872;1667
BOR;Kishuta;150;144;294
BOR;Kiskinizs;172;167;339
BOR;Kisrozvágy;123;137;260
BOR;Kissikátor;138;167;305
BOR;Kistokaj;1124;1158;2282
BOR;Komjáti;97;101;198
BOR;Komlóska;143;133;276
BOR;Kondó;304;293;597
BOR;Korlát;150;164;314
BOR;Kovácsvágás;325;320;645
BOR;Köröm;793;765;1558
BOR;Krasznokvajda;261;243;504
BOR;Kupa;85;87;172
BOR;Kurityán;767;783;1550
BOR;Lácacséke;172;158;330
BOR;Ládbesenyő;134;137;271
BOR;Lak;338;350;688
BOR;Legyesbénye;760;749;1509
BOR;Léh;232;217;449
BOR;Lénárddaróc;119;140;259
BOR;Litka;24;24;48
BOR;Mád;989;1123;2112
BOR;Makkoshotyka;421;426;847
BOR;Mályi;2130;2124;4254
BOR;Mályinka;237;232;469
BOR;Martonyi;186;223;409
BOR;Megyaszó;1366;1355;2721
BOR;Méra;842;834;1676
BOR;Meszes;85;84;169
BOR;Mezőnagymihály;485;527;1012
BOR;Mezőnyárád;777;842;1619
BOR;Mezőzombor;1186;1233;2419
BOR;Mikóháza;261;278;539
BOR;Mogyoróska;40;41;81
BOR;Monaj;133;128;261
BOR;Monok;747;761;1508
BOR;Muhi;246;247;493
BOR;Nagybarca;441;451;892
BOR;Nagycsécs;415;414;829
BOR;Nagyhuta;34;26;60
BOR;Nagykinizs;174;161;335
BOR;Nagyrozvágy;330;347;677
BOR;Négyes;143;140;283
BOR;Nekézseny;329;322;651
BOR;Nemesbikk;446;480;926
BOR;Novajidrány;668;672;1340
BOR;Nyésta;46;29;75
BOR;Nyíri;199;204;403
BOR;Nyomár;154;160;314
BOR;Olaszliszka;777;876;1653
BOR;Ónod;1223;1191;2414
BOR;Ormosbánya;783;816;1599
BOR;Oszlár;181;179;360
BOR;Pácin;773;737;1510
BOR;Pamlény;27;25;52
BOR;Pányok;32;33;65
BOR;Parasznya;571;606;1177
BOR;Pere;160;160;320
BOR;Perecse;12;11;23
BOR;Perkupa;413;405;818
BOR;Prügy;1268;1281;2549
BOR;Pusztafalu;109;102;211
BOR;Pusztaradvány;116;109;225
BOR;Radostyán;274;303;577
BOR;Ragály;300;325;625
BOR;Rakaca;485;464;949
BOR;Rakacaszend;167;179;346
BOR;Rásonysápberencs;271;273;544
BOR;Rátka;434;494;928
BOR;Regéc;42;45;87
BOR;Répáshuta;192;239;431
BOR;Révleányvár;239;231;470
BOR;Rudolftelep;356;368;724
BOR;Sajóecseg;510;529;1039
BOR;Sajógalgóc;181;163;344
BOR;Sajóhídvég;556;615;1171
BOR;Sajóivánka;328;326;654
BOR;Sajókápolna;199;198;397
BOR;Sajókaza;1577;1535;3112
BOR;Sajókeresztúr;747;773;1520
BOR;Sajólád;1483;1545;3028
BOR;Sajólászlófalva;215;226;441
BOR;Sajómercse;110;126;236
BOR;Sajónémeti;239;262;501
BOR;Sajóörös;729;762;1491
BOR;Sajópálfala;350;370;720
BOR;Sajópetri;742;823;1565
BOR;Sajópüspöki;260;281;541
BOR;Sajósenye;211;188;399
BOR;Sajószöged;1191;1146;2337
BOR;Sajóvámos;1003;1129;2132
BOR;Sajóvelezd;370;412;782
BOR;Sály;836;908;1744
BOR;Sárazsadány;124;117;241
BOR;Sáta;522;628;1150
BOR;Selyeb;237;264;501
BOR;Semjén;301;250;551
BOR;Serényfalva;507;509;1016
BOR;Sima;29;20;49
BOR;Sóstófalva;131;122;253
BOR;Szakácsi;104;83;187
BOR;Szakáld;235;237;472
BOR;Szalaszend;540;514;1054
BOR;Szalonna;500;496;996
BOR;Szászfa;55;58;113
BOR;Szegi;162;162;324
BOR;Szegilong;110;138;248
BOR;Szemere;216;214;430
BOR;Szendrőlád;1081;1118;2199
BOR;Szentistvánbaksa;140;137;277
BOR;Szin;449;399;848
BOR;Szinpetri;109;108;217
BOR;Szomolya;751;818;1569
BOR;Szögliget;295;298;593
BOR;Szőlősardó;48;61;109
BOR;Szuhafő;66;72;138
BOR;Szuhakálló;467;521;988
BOR;Szuhogy;548;553;1101
BOR;Taktabáj;289;288;577
BOR;Taktakenéz;596;607;1203
BOR;Taktaszada;965;979;1944
BOR;Tállya;867;925;1792
BOR;Tarcal;1289;1521;2810
BOR;Tard;541;608;1149
BOR;Tardona;511;515;1026
BOR;Telkibánya;297;303;600
BOR;Teresztenye;10;14;24
BOR;Tibolddaróc;678;672;1350
BOR;Tiszabábolna;175;168;343
BOR;Tiszacsermely;290;257;547
BOR;Tiszadorogma;201;189;390
BOR;Tiszakarád;1235;1227;2462
BOR;Tiszakeszi;1298;1329;2627
BOR;Tiszaladány;287;321;608
BOR;Tiszapalkonya;742;715;1457
BOR;Tiszatardos;138;113;251
BOR;Tiszatarján;710;690;1400
BOR;Tiszavalk;148;149;297
BOR;Tolcsva;858;868;1726
BOR;Tomor;123;116;239
BOR;Tornabarakony;13;10;23
BOR;Tornakápolna;11;14;25
BOR;Tornanádaska;420;374;794
BOR;Tornaszentandrás;88;96;184
BOR;Tornaszentjakab;97;111;208
BOR;Tornyosnémeti;293;242;535
BOR;Trizs;94;111;205
BOR;Újcsanálos;453;421;874
BOR;Uppony;124;158;282
BOR;Vadna;316;321;637
BOR;Vágáshuta;59;56;115
BOR;Vajdácska;631;644;1275
BOR;Vámosújfalu;359;362;721
BOR;Varbó;516;566;1082
BOR;Varbóc;42;25;67
BOR;Vatta;450;415;865
BOR;Vilmány;737;733;1470
BOR;Vilyvitány;127;130;257
BOR;Viss;309;319;628
BOR;Viszló;36;33;69
BOR;Vizsoly;454;439;893
BOR;Zádorfalva;223;267;490
BOR;Zalkod;101;114;215
BOR;Zemplénagárd;378;364;742
BOR;Ziliz;196;201;397
BOR;Zsujta;88;90;178
BOR;Zubogy;269;266;535
CSO;Szeged;75725;86030;161755
CSO;Hódmezővásárhely;21494;22966;44460
CSO;Csanádpalota;1379;1401;2780
CSO;Csongrád;7863;8648;16511
CSO;Kistelek;3472;3881;7353
CSO;Makó;11111;12180;23291
CSO;Mindszent;3320;3420;6740
CSO;Mórahalom;3133;3310;6443
CSO;Sándorfalva;4159;4263;8422
CSO;Szentes;12978;14183;27161
CSO;Algyő;2703;2818;5521
CSO;Nagymágocs;1473;1473;2946
CSO;Szegvár;2167;2228;4395
CSO;Ambrózfalva;240;247;487
CSO;Apátfalva;1477;1529;3006
CSO;Árpádhalom;248;234;482
CSO;Ásotthalom;1971;2016;3987
CSO;Baks;969;1019;1988
CSO;Balástya;1738;1726;3464
CSO;Bordány;1650;1639;3289
CSO;Csanádalberti;222;241;463
CSO;Csanytelek;1250;1355;2605
CSO;Csengele;961;958;1919
CSO;Derekegyház;762;807;1569
CSO;Deszk;1966;1996;3962
CSO;Dóc;361;368;729
CSO;Domaszék;2636;2532;5168
CSO;Eperjes;228;239;467
CSO;Fábiánsebestyén;970;971;1941
CSO;Felgyő;586;594;1180
CSO;Ferencszállás;323;313;636
CSO;Forráskút;1027;1052;2079
CSO;Földeák;1508;1554;3062
CSO;Királyhegyes;300;317;617
CSO;Kiszombor;1924;1945;3869
CSO;Klárafalva;270;241;511
CSO;Kövegy;198;199;397
CSO;Kübekháza;772;797;1569
CSO;Magyarcsanád;737;741;1478
CSO;Maroslele;1002;1036;2038
CSO;Mártély;651;642;1293
CSO;Nagyér;266;269;535
CSO;Nagylak;229;230;459
CSO;Nagytőke;217;182;399
CSO;Óföldeák;222;260;482
CSO;Ópusztaszer;1074;1065;2139
CSO;Öttömös;355;346;701
CSO;Pitvaros;667;689;1356
CSO;Pusztamérges;523;578;1101
CSO;Pusztaszer;721;700;1421
CSO;Röszke;1883;1766;3649
CSO;Ruzsa;1260;1249;2509
CSO;Szatymaz;2510;2498;5008
CSO;Székkutas;1051;1006;2057
CSO;Tiszasziget;926;898;1824
CSO;Tömörkény;815;880;1695
CSO;Újszentiván;1063;1019;2082
CSO;Üllés;1528;1583;3111
CSO;Zákányszék;1452;1444;2896
CSO;Zsombó;1772;1760;3532
FEJ;Székesfehérvár;44902;50812;95714
FEJ;Dunaújváros;20962;23627;44589
FEJ;Aba;2286;2359;4645
FEJ;Adony;1981;2052;4033
FEJ;Bicske;6288;6260;12548
FEJ;Bodajk;1989;2055;4044
FEJ;Csákvár;2587;2737;5324
FEJ;Enying;3342;3437;6779
FEJ;Ercsi;4257;4179;8436
FEJ;Gárdony;5860;6146;12006
FEJ;Martonvásár;2798;2954;5752
FEJ;Mór;6747;7184;13931
FEJ;Polgárdi;3387;3542;6929
FEJ;Pusztaszabolcs;3016;3034;6050
FEJ;Rácalmás;2461;2380;4841
FEJ;Sárbogárd;5863;6237;12100
FEJ;Velence;3267;3453;6720
FEJ;Cece;1278;1299;2577
FEJ;Előszállás;1182;1172;2354
FEJ;Lajoskomárom;1093;1091;2184
FEJ;Lepsény;1523;1606;3129
FEJ;Mezőfalva;2420;2340;4760
FEJ;Perkáta;1971;2048;4019
FEJ;Sárosd;1635;1663;3298
FEJ;Seregélyes;2208;2283;4491
FEJ;Soponya;921;917;1838
FEJ;Szabadbattyán;2409;2337;4746
FEJ;Alap;971;978;1949
FEJ;Alcsútdoboz;748;734;1482
FEJ;Alsószentiván;294;277;571
FEJ;Bakonycsernye;1560;1615;3175
FEJ;Bakonykúti;79;83;162
FEJ;Balinka;476;472;948
FEJ;Baracs;1839;1756;3595
FEJ;Baracska;1426;1407;2833
FEJ;Beloiannisz;577;571;1148
FEJ;Besnyő;869;882;1751
FEJ;Bodmér;120;115;235
FEJ;Csabdi;623;671;1294
FEJ;Csákberény;588;594;1182
FEJ;Csókakő;714;784;1498
FEJ;Csór;983;964;1947
FEJ;Csősz;525;520;1045
FEJ;Daruszentmiklós;664;627;1291
FEJ;Dég;1045;1129;2174
FEJ;Etyek;2179;2248;4427
FEJ;Fehérvárcsurgó;997;1060;2057
FEJ;Felcsút;948;975;1923
FEJ;Füle;438;447;885
FEJ;Gánt;436;365;801
FEJ;Gyúró;648;646;1294
FEJ;Hantos;467;489;956
FEJ;Igar;463;446;909
FEJ;Iszkaszentgyörgy;1101;1107;2208
FEJ;Isztimér;468;436;904
FEJ;Iváncsa;1403;1438;2841
FEJ;Jenő;591;677;1268
FEJ;Kajászó;584;579;1163
FEJ;Káloz;1160;1232;2392
FEJ;Kápolnásnyék;1958;2026;3984
FEJ;Kincsesbánya;729;797;1526
FEJ;Kisapostag;742;720;1462
FEJ;Kisláng;1284;1261;2545
FEJ;Kőszárhegy;798;812;1610
FEJ;Kulcs;1755;1713;3468
FEJ;Lovasberény;1349;1378;2727
FEJ;Magyaralmás;811;837;1648
FEJ;Mány;1273;1222;2495
FEJ;Mátyásdomb;393;359;752
FEJ;Mezőkomárom;487;478;965
FEJ;Mezőszentgyörgy;700;664;1364
FEJ;Mezőszilas;994;1111;2105
FEJ;Moha;289;280;569
FEJ;Nadap;321;335;656
FEJ;Nádasdladány;919;885;1804
FEJ;Nagykarácsony;711;667;1378
FEJ;Nagylók;517;547;1064
FEJ;Nagyveleg;322;325;647
FEJ;Nagyvenyim;2137;2114;4251
FEJ;Óbarok;434;388;822
FEJ;Pákozd;1752;1702;3454
FEJ;Pátka;890;882;1772
FEJ;Pázmánd;1134;1085;2219
FEJ;Pusztavám;1245;1308;2553
FEJ;Ráckeresztúr;1782;1755;3537
FEJ;Sáregres;364;342;706
FEJ;Sárkeresztes;751;779;1530
FEJ;Sárkeresztúr;1303;1331;2634
FEJ;Sárkeszi;302;285;587
FEJ;Sárszentágota;679;685;1364
FEJ;Sárszentmihály;1591;1548;3139
FEJ;Söréd;279;276;555
FEJ;Sukoró;913;864;1777
FEJ;Szabadegyháza;1061;1076;2137
FEJ;Szabadhídvég;428;421;849
FEJ;Szár;854;870;1724
FEJ;Tabajd;493;525;1018
FEJ;Tác;869;894;1763
FEJ;Tordas;1075;1038;2113
FEJ;Újbarok;223;217;440
FEJ;Úrhida;1307;1303;2610
FEJ;Vajta;420;465;885
FEJ;Vál;1283;1333;2616
FEJ;Vereb;389;405;794
FEJ;Vértesacsa;937;971;1908
FEJ;Vértesboglár;449;450;899
FEJ;Zámoly;1200;1192;2392
FEJ;Zichyújfalu;484;451;935
GYO;Győr;58977;65310;124287
GYO;Sopron;27488;30565;58053
GYO;Beled;1277;1277;2554
GYO;Csorna;4860;5072;9932
GYO;Fertőd;1602;1708;3310
GYO;Fertőszentmiklós;1832;2000;3832
GYO;Jánossomorja;3034;3031;6065
GYO;Kapuvár;4832;5182;10014
GYO;Lébény;1634;1677;3311
GYO;Mosonmagyaróvár;15561;16695;32256
GYO;Pannonhalma;1731;1775;3506
GYO;Tét;2061;2048;4109
GYO;Bősárkány;1062;1055;2117
GYO;Hegyeshalom;1830;1874;3704
GYO;Nagycenk;1100;1172;2272
GYO;Szany;1096;1093;2189
GYO;Abda;1651;1661;3312
GYO;Acsalag;240;244;484
GYO;Ágfalva;1225;1177;2402
GYO;Agyagosszergény;478;458;936
GYO;Árpás;133;137;270
GYO;Ásványráró;1040;1022;2062
GYO;Babót;562;545;1107
GYO;Bágyogszovát;674;685;1359
GYO;Bakonygyirót;80;78;158
GYO;Bakonypéterd;163;140;303
GYO;Bakonyszentlászló;877;889;1766
GYO;Barbacs;390;378;768
GYO;Bezenye;668;767;1435
GYO;Bezi;274;261;535
GYO;Bodonhely;164;156;320
GYO;Bogyoszló;314;308;622
GYO;Bőny;1107;1135;2242
GYO;Börcs;671;681;1352
GYO;Cakóháza;27;27;54
GYO;Cirák;263;281;544
GYO;Csáfordjánosfa;113;117;230
GYO;Csapod;305;277;582
GYO;Csér;18;18;36
GYO;Csikvánd;242;258;500
GYO;Darnózseli;781;825;1606
GYO;Dénesfa;210;198;408
GYO;Dör;298;310;608
GYO;Dunakiliti;1000;1015;2015
GYO;Dunaremete;122;126;248
GYO;Dunaszeg;1151;1103;2254
GYO;Dunaszentpál;392;353;745
GYO;Dunasziget;865;856;1721
GYO;Ebergőc;81;83;164
GYO;Écs;1027;1039;2066
GYO;Edve;60;57;117
GYO;Egyed;269;267;536
GYO;Egyházasfalu;449;424;873
GYO;Enese;870;916;1786
GYO;Farád;970;969;1939
GYO;Fehértó;242;248;490
GYO;Feketeerdő;330;302;632
GYO;Felpéc;488;489;977
GYO;Fenyőfő;66;51;117
GYO;Fertőboz;148;156;304
GYO;Fertőendréd;304;324;628
GYO;Fertőhomok;422;442;864
GYO;Fertőrákos;1112;1177;2289
GYO;Fertőszéplak;641;659;1300
GYO;Gönyű;1673;1635;3308
GYO;Gyalóka;40;35;75
GYO;Gyarmat;675;693;1368
GYO;Gyóró;174;206;380
GYO;Gyömöre;629;620;1249
GYO;Győrasszonyfa;267;264;531
GYO;Győrladamér;887;950;1837
GYO;Győrság;772;773;1545
GYO;Győrsövényház;421;393;814
GYO;Győrszemere;1669;1690;3359
GYO;Győrújbarát;3656;3748;7404
GYO;Győrújfalu;1104;1136;2240
GYO;Győrzámoly;1668;1690;3358
GYO;Halászi;1591;1622;3213
GYO;Harka;1378;1316;2694
GYO;Hédervár;662;623;1285
GYO;Hegykő;802;789;1591
GYO;Hidegség;238;214;452
GYO;Himod;336;333;669
GYO;Hövej;174;163;337
GYO;Ikrény;962;978;1940
GYO;Iván;659;605;1264
GYO;Jobaháza;265;287;552
GYO;Kajárpéc;676;604;1280
GYO;Károlyháza;304;264;568
GYO;Kimle;1158;1154;2312
GYO;Kisbabot;128;122;250
GYO;Kisbajcs;452;456;908
GYO;Kisbodak;182;187;369
GYO;Kisfalud;366;357;723
GYO;Kóny;1367;1381;2748
GYO;Kópháza;999;1112;2111
GYO;Koroncó;1232;1240;2472
GYO;Kunsziget;640;663;1303
GYO;Lázi;297;248;545
GYO;Levél;1037;1033;2070
GYO;Lipót;398;384;782
GYO;Lövő;712;705;1417
GYO;Maglóca;60;51;111
GYO;Magyarkeresztúr;217;242;459
GYO;Máriakálnok;1033;1016;2049
GYO;Markotabödöge;230;253;483
GYO;Mecsér;318;322;640
GYO;Mérges;60;51;111
GYO;Mezőörs;452;493;945
GYO;Mihályi;563;526;1089
GYO;Mórichida;402;428;830
GYO;Mosonszentmiklós;1268;1273;2541
GYO;Mosonszolnok;913;912;1825
GYO;Mosonudvar;237;206;443
GYO;Nagybajcs;501;527;1028
GYO;Nagylózs;487;556;1043
GYO;Nagyszentjános;952;896;1848
GYO;Nemeskér;97;97;194
GYO;Nyalka;230;248;478
GYO;Nyúl;2258;2247;4505
GYO;Osli;441;455;896
GYO;Öttevény;1520;1575;3095
GYO;Páli;272;195;467
GYO;Pásztori;213;190;403
GYO;Pázmándfalu;558;534;1092
GYO;Pér;1260;1305;2565
GYO;Pereszteg;735;740;1475
GYO;Petőháza;521;558;1079
GYO;Pinnye;189;170;359
GYO;Potyond;51;53;104
GYO;Pusztacsalád;149;134;283
GYO;Püski;335;307;642
GYO;Rábacsanak;256;255;511
GYO;Rábacsécsény;307;302;609
GYO;Rábakecöl;340;363;703
GYO;Rábapatona;1286;1313;2599
GYO;Rábapordány;493;492;985
GYO;Rábasebes;52;43;95
GYO;Rábaszentandrás;228;228;456
GYO;Rábaszentmihály;254;241;495
GYO;Rábaszentmiklós;68;75;143
GYO;Rábatamási;536;484;1020
GYO;Rábcakapi;82;88;170
GYO;Rajka;1890;1978;3868
GYO;Ravazd;608;668;1276
GYO;Répceszemere;152;122;274
GYO;Répcevis;167;170;337
GYO;Rétalap;311;296;607
GYO;Románd;158;164;322
GYO;Röjtökmuzsaj;206;219;425
GYO;Sarród;474;473;947
GYO;Sikátor;162;173;335
GYO;Sobor;135;147;282
GYO;Sokorópátka;580;547;1127
GYO;Sopronhorpács;417;423;840
GYO;Sopronkövesd;616;671;1287
GYO;Sopronnémeti;150;152;302
GYO;Szakony;226;225;451
GYO;Szárföld;504;546;1050
GYO;Szerecseny;406;401;807
GYO;Szil;723;669;1392
GYO;Szilsárkány;381;358;739
GYO;Táp;361;381;742
GYO;Tápszentmiklós;483;462;945
GYO;Tarjánpuszta;206;214;420
GYO;Tárnokréti;98;104;202
GYO;Tényő;852;867;1719
GYO;Töltéstava;1288;1238;2526
GYO;Újkér;492;517;1009
GYO;Újrónafő;419;443;862
GYO;Und;160;182;342
GYO;Vadosfa;45;49;94
GYO;Vág;268;258;526
GYO;Vámosszabadi;1768;1722;3490
GYO;Várbalog;194;202;396
GYO;Vásárosfalu;89;76;165
GYO;Vének;96;87;183
GYO;Veszkény;474;487;961
GYO;Veszprémvarsány;530;523;1053
GYO;Vitnyéd;694;723;1417
GYO;Völcsej;207;196;403
GYO;Zsebeháza;74;81;155
GYO;Zsira;440;424;864
HAJ;Debrecen;94945;106136;201081
HAJ;Balmazújváros;8622;8961;17583
HAJ;Berettyóújfalu;7206;7640;14846
HAJ;Biharkeresztes;2192;2239;4431
HAJ;Derecske;4253;4429;8682
HAJ;Hajdúböszörmény;15034;15670;30704
HAJ;Hajdúdorog;4435;4511;8946
HAJ;Hajdúhadház;6702;6760;13462
HAJ;Hajdúnánás;8337;8624;16961
HAJ;Hajdúsámson;7329;7114;14443
HAJ;Hajdúszoboszló;11689;12640;24329
HAJ;Kaba;2964;2903;5867
HAJ;Komádi;2724;2771;5495
HAJ;Létavértes;3735;3825;7560
HAJ;Nádudvar;4319;4438;8757
HAJ;Nyíradony;3926;3939;7865
HAJ;Polgár;4050;4079;8129
HAJ;Püspökladány;7003;7384;14387
HAJ;Téglás;3135;3292;6427
HAJ;Tiszacsege;2353;2300;4653
HAJ;Vámospércs;2787;2782;5569
HAJ;Bagamér;1272;1292;2564
HAJ;Csökmő;998;964;1962
HAJ;Egyek;2623;2655;5278
HAJ;Földes;1945;2041;3986
HAJ;Hosszúpályi;2921;2986;5907
HAJ;Nagyrábé;1035;1063;2098
HAJ;Nyírábrány;1921;1953;3874
HAJ;Pocsaj;1401;1367;2768
HAJ;Sárrétudvari;1471;1468;2939
HAJ;Zsáka;776;802;1578
HAJ;Álmosd;891;952;1843
HAJ;Ártánd;351;292;643
HAJ;Bakonszeg;580;610;1190
HAJ;Báránd;1305;1262;2567
HAJ;Bedő;186;185;371
HAJ;Berekböszörmény;1020;979;1999
HAJ;Bihardancsháza;96;83;179
HAJ;Biharnagybajom;1416;1334;2750
HAJ;Bihartorda;467;499;966
HAJ;Bocskaikert;1827;1866;3693
HAJ;Bojt;300;291;591
HAJ;Darvas;295;271;566
HAJ;Ebes;2331;2431;4762
HAJ;Esztár;704;745;1449
HAJ;Folyás;162;143;305
HAJ;Furta;560;588;1148
HAJ;Fülöp;880;868;1748
HAJ;Gáborján;455;434;889
HAJ;Görbeháza;1162;1207;2369
HAJ;Hajdúbagos;1004;1070;2074
HAJ;Hajdúszovát;1583;1580;3163
HAJ;Hencida;630;573;1203
HAJ;Hortobágy;699;717;1416
HAJ;Kismarja;645;667;1312
HAJ;Kokad;341;335;676
HAJ;Konyár;1131;1106;2237
HAJ;Körösszakál;419;396;815
HAJ;Körösszegapáti;517;543;1060
HAJ;Magyarhomorog;438;441;879
HAJ;Mezőpeterd;342;303;645
HAJ;Mezősas;343;331;674
HAJ;Mikepércs;2458;2519;4977
HAJ;Monostorpályi;1039;1127;2166
HAJ;Nagyhegyes;1413;1459;2872
HAJ;Nagykereki;722;663;1385
HAJ;Nyíracsád;1871;1932;3803
HAJ;Nyírmártonfalva;1001;997;1998
HAJ;Sáp;472;483;955
HAJ;Sáránd;1127;1238;2365
HAJ;Szentpéterszeg;551;558;1109
HAJ;Szerep;789;767;1556
HAJ;Tépe;521;536;1057
HAJ;Tetétlen;697;656;1353
HAJ;Tiszagyulaháza;368;345;713
HAJ;Told;205;193;398
HAJ;Újiráz;239;282;521
HAJ;Újléta;578;548;1126
HAJ;Újszentmargita;720;744;1464
HAJ;Újtikos;429;445;874
HAJ;Váncsod;583;579;1162
HAJ;Vekerd;61;57;118
HEV;Eger;23924;28056;51980
HEV;Bélapátfalva;1315;1516;2831
HEV;Füzesabony;3775;3918;7693
HEV;Gyöngyös;13346;15241;28587
HEV;Gyöngyöspata;1199;1301;2500
HEV;Hatvan;9785;10753;20538
HEV;Heves;5024;5457;10481
HEV;Kisköre;1387;1413;2800
HEV;Lőrinci;2746;2868;5614
HEV;Pétervására;1066;1108;2174
HEV;Verpelét;1867;2023;3890
HEV;Kál;1694;1801;3495
HEV;Parád;892;1081;1973
HEV;Recsk;1285;1450;2735
HEV;Abasár;1168;1297;2465
HEV;Adács;1306;1347;2653
HEV;Aldebrő;343;357;700
HEV;Andornaktálya;1351;1404;2755
HEV;Apc;1191;1269;2460
HEV;Átány;786;775;1561
HEV;Atkár;871;946;1817
HEV;Balaton;503;541;1044
HEV;Bátor;165;195;360
HEV;Bekölce;329;338;667
HEV;Besenyőtelek;1302;1347;2649
HEV;Boconád;628;663;1291
HEV;Bodony;351;379;730
HEV;Boldog;1446;1547;2993
HEV;Bükkszék;327;337;664
HEV;Bükkszenterzsébet;486;532;1018
HEV;Bükkszentmárton;161;166;327
HEV;Csány;1032;1129;2161
HEV;Demjén;309;304;613
HEV;Detk;526;616;1142
HEV;Domoszló;912;1036;1948
HEV;Dormánd;483;517;1000
HEV;Ecséd;1561;1628;3189
HEV;Egerbakta;700;771;1471
HEV;Egerbocs;273;278;551
HEV;Egercsehi;640;689;1329
HEV;Egerfarmos;337;352;689
HEV;Egerszalók;1003;965;1968
HEV;Egerszólát;549;568;1117
HEV;Erdőkövesd;305;337;642
HEV;Erdőtelek;1632;1727;3359
HEV;Erk;447;468;915
HEV;Fedémes;147;152;299
HEV;Feldebrő;475;519;994
HEV;Felsőtárkány;1716;1839;3555
HEV;Gyöngyöshalász;1299;1356;2655
HEV;Gyöngyösoroszi;740;785;1525
HEV;Gyöngyössolymos;1433;1495;2928
HEV;Gyöngyöstarján;1096;1172;2268
HEV;Halmajugra;681;708;1389
HEV;Heréd;932;959;1891
HEV;Hevesaranyos;295;294;589
HEV;Hevesvezekény;331;359;690
HEV;Hort;1739;1891;3630
HEV;Istenmezeje;669;739;1408
HEV;Ivád;189;196;385
HEV;Kápolna;752;800;1552
HEV;Karácsond;1440;1548;2988
HEV;Kerecsend;1231;1147;2378
HEV;Kerekharaszt;486;498;984
HEV;Kisfüzes;67;64;131
HEV;Kisnána;478;516;994
HEV;Kompolt;963;1049;2012
HEV;Kömlő;1025;1010;2035
HEV;Ludas;356;396;752
HEV;Maklár;1189;1272;2461
HEV;Markaz;839;878;1717
HEV;Mátraballa;353;404;757
HEV;Mátraderecske;882;956;1838
HEV;Mátraszentimre;243;227;470
HEV;Mezőszemere;561;578;1139
HEV;Mezőtárkány;780;838;1618
HEV;Mikófalva;336;361;697
HEV;Mónosbél;200;191;391
HEV;Nagyfüged;869;902;1771
HEV;Nagykökényes;288;287;575
HEV;Nagyréde;1584;1710;3294
HEV;Nagytálya;450;446;896
HEV;Nagyút;333;358;691
HEV;Nagyvisnyó;472;484;956
HEV;Noszvaj;889;1018;1907
HEV;Novaj;658;707;1365
HEV;Ostoros;1358;1432;2790
HEV;Pálosvörösmart;306;336;642
HEV;Parádsasvár;208;210;418
HEV;Pély;738;721;1459
HEV;Petőfibánya;1268;1350;2618
HEV;Poroszló;1403;1413;2816
HEV;Rózsaszentmárton;914;1060;1974
HEV;Sarud;559;588;1147
HEV;Sirok;826;917;1743
HEV;Szajla;289;316;605
HEV;Szarvaskő;193;199;392
HEV;Szentdomonkos;245;274;519
HEV;Szihalom;975;1048;2023
HEV;Szilvásvárad;767;780;1547
HEV;Szúcs;211;187;398
HEV;Szűcsi;713;811;1524
HEV;Tarnabod;385;367;752
HEV;Tarnalelesz;798;874;1672
HEV;Tarnaméra;778;825;1603
HEV;Tarnaörs;900;903;1803
HEV;Tarnaszentmária;111;129;240
HEV;Tarnaszentmiklós;421;400;821
HEV;Tarnazsadány;656;660;1316
HEV;Tenk;612;602;1214
HEV;Terpes;99;93;192
HEV;Tiszanána;1245;1231;2476
HEV;Tófalu;300;299;599
HEV;Újlőrincfalva;111;100;211
HEV;Vámosgyörk;963;1066;2029
HEV;Váraszó;225;255;480
HEV;Vécs;324;334;658
HEV;Visonta;606;674;1280
HEV;Visznek;555;541;1096
HEV;Zagyvaszántó;919;975;1894
HEV;Zaránk;204;252;456
KOM;Tatabánya;32405;35735;68140
KOM;Ács;3545;3662;7207
KOM;Bábolna;1710;1784;3494
KOM;Dorog;5670;6218;11888
KOM;Esztergom;14253;15140;29393
KOM;Kisbér;2676;2888;5564
KOM;Komárom;9173;9998;19171
KOM;Lábatlan;2469;2585;5054
KOM;Nyergesújfalu;3643;3872;7515
KOM;Oroszlány;9132;9543;18675
KOM;Tát;2647;2846;5493
KOM;Tata;11005;12077;23082
KOM;Nagyigmánd;1446;1446;2892
KOM;Tokod;2102;2144;4246
KOM;Ácsteszér;338;342;680
KOM;Aka;139;120;259
KOM;Almásfüzitő;1008;1089;2097
KOM;Annavölgy;458;497;955
KOM;Ászár;857;864;1721
KOM;Baj;1445;1463;2908
KOM;Bajna;972;973;1945
KOM;Bajót;812;839;1651
KOM;Bakonybánk;223;216;439
KOM;Bakonysárkány;477;513;990
KOM;Bakonyszombathely;696;704;1400
KOM;Bana;785;841;1626
KOM;Bársonyos;340;421;761
KOM;Bokod;1076;1137;2213
KOM;Császár;962;982;1944
KOM;Csatka;117;106;223
KOM;Csém;192;228;420
KOM;Csép;175;179;354
KOM;Csolnok;1594;1659;3253
KOM;Dad;518;520;1038
KOM;Dág;455;474;929
KOM;Dömös;629;595;1224
KOM;Dunaalmás;869;802;1671
KOM;Dunaszentmiklós;228;270;498
KOM;Epöl;333;308;641
KOM;Ete;310;296;606
KOM;Gyermely;776;761;1537
KOM;Héreg;540;529;1069
KOM;Kecskéd;1042;1062;2104
KOM;Kerékteleki;362;345;707
KOM;Kesztölc;1365;1409;2774
KOM;Kisigmánd;270;263;533
KOM;Kocs;1260;1332;2592
KOM;Kömlőd;540;561;1101
KOM;Környe;2363;2368;4731
KOM;Leányvár;906;965;1871
KOM;Máriahalom;355;323;678
KOM;Mocsa;1056;1088;2144
KOM;Mogyorósbánya;409;466;875
KOM;Nagysáp;737;746;1483
KOM;Naszály;1178;1257;2435
KOM;Neszmély;669;707;1376
KOM;Piliscsév;1251;1292;2543
KOM;Pilismarót;1047;1076;2123
KOM;Réde;632;665;1297
KOM;Sárisáp;1376;1433;2809
KOM;Súr;610;625;1235
KOM;Süttő;997;1037;2034
KOM;Szákszend;760;725;1485
KOM;Szárliget;1286;1254;2540
KOM;Szomód;1166;1140;2306
KOM;Szomor;555;586;1141
KOM;Tardos;820;907;1727
KOM;Tarján;1277;1377;2654
KOM;Tárkány;712;784;1496
KOM;Tokodaltáró;1551;1522;3073
KOM;Úny;378;375;753
KOM;Várgesztes;316;322;638
KOM;Vérteskethely;306;299;605
KOM;Vértessomló;713;680;1393
KOM;Vértesszőlős;1724;1724;3448
KOM;Vértestolna;279;294;573
NOG;Salgótarján;16415;18462;34877
NOG;Balassagyarmat;7019;7800;14819
NOG;Bátonyterenye;5947;6260;12207
NOG;Pásztó;4300;4689;8989
NOG;Rétság;1334;1417;2751
NOG;Szécsény;2677;3000;5677
NOG;Alsópetény;276;313;589
NOG;Alsótold;118;107;225
NOG;Bánk;352;363;715
NOG;Bárna;509;486;995
NOG;Becske;274;284;558
NOG;Bér;185;189;374
NOG;Bercel;853;855;1708
NOG;Berkenye;335;347;682
NOG;Bokor;51;61;112
NOG;Borsosberény;471;463;934
NOG;Buják;994;1072;2066
NOG;Cered;499;561;1060
NOG;Csécse;428;475;903
NOG;Cserháthaláp;193;194;387
NOG;Cserhátsurány;371;399;770
NOG;Cserhátszentiván;54;55;109
NOG;Csesztve;175;164;339
NOG;Csitár;210;192;402
NOG;Debercsény;33;43;76
NOG;Dejtár;722;721;1443
NOG;Diósjenő;1533;1439;2972
NOG;Dorogháza;481;535;1016
NOG;Drégelypalánk;698;741;1439
NOG;Ecseg;587;588;1175
NOG;Egyházasdengeleg;213;214;427
NOG;Egyházasgerge;346;356;702
NOG;Endrefalva;609;615;1224
NOG;Erdőkürt;267;274;541
NOG;Erdőtarcsa;245;274;519
NOG;Érsekvadkert;1810;1835;3645
NOG;Etes;668;684;1352
NOG;Felsőpetény;286;307;593
NOG;Felsőtold;60;71;131
NOG;Galgaguta;301;307;608
NOG;Garáb;23;20;43
NOG;Héhalom;517;524;1041
NOG;Herencsény;265;286;551
NOG;Hollókő;154;185;339
NOG;Hont;243;269;512
NOG;Horpács;81;93;174
NOG;Hugyag;422;440;862
NOG;Iliny;75;86;161
NOG;Ipolyszög;316;312;628
NOG;Ipolytarnóc;233;211;444
NOG;Ipolyvece;396;423;819
NOG;Jobbágyi;979;1014;1993
NOG;Kálló;796;778;1574
NOG;Karancsalja;733;780;1513
NOG;Karancsberény;393;404;797
NOG;Karancskeszi;866;943;1809
NOG;Karancslapujtő;1249;1309;2558
NOG;Karancsság;637;660;1297
NOG;Kazár;862;872;1734
NOG;Keszeg;357;349;706
NOG;Kétbodony;231;229;460
NOG;Kisbágyon;201;219;420
NOG;Kisbárkány;75;76;151
NOG;Kisecset;93;85;178
NOG;Kishartyán;264;297;561
NOG;Kozárd;87;81;168
NOG;Kutasó;48;53;101
NOG;Legénd;253;237;490
NOG;Litke;434;386;820
NOG;Lucfalva;299;338;637
NOG;Ludányhalászi;765;701;1466
NOG;Magyargéc;403;443;846
NOG;Magyarnándor;528;583;1111
NOG;Márkháza;116;136;252
NOG;Mátramindszent;370;396;766
NOG;Mátranovák;771;871;1642
NOG;Mátraszele;444;474;918
NOG;Mátraszőlős;695;813;1508
NOG;Mátraterenye;888;905;1793
NOG;Mátraverebély;943;936;1879
NOG;Mihálygerge;265;285;550
NOG;Mohora;478;503;981
NOG;Nagybárkány;314;328;642
NOG;Nagykeresztúr;125;130;255
NOG;Nagylóc;712;784;1496
NOG;Nagyoroszi;1008;1020;2028
NOG;Nemti;359;364;723
NOG;Nézsa;573;607;1180
NOG;Nógrád;836;786;1622
NOG;Nógrádkövesd;332;318;650
NOG;Nógrádmarcal;245;234;479
NOG;Nógrádmegyer;810;838;1648
NOG;Nógrádsáp;475;458;933
NOG;Nógrádsipek;343;367;710
NOG;Nógrádszakál;330;350;680
NOG;Nőtincs;563;625;1188
NOG;Őrhalom;520;482;1002
NOG;Ősagárd;149;183;332
NOG;Palotás;767;852;1619
NOG;Patak;436;470;906
NOG;Patvarc;365;375;740
NOG;Piliny;307;299;606
NOG;Pusztaberki;83;82;165
NOG;Rákóczibánya;320;334;654
NOG;Rimóc;787;870;1657
NOG;Romhány;1049;1126;2175
NOG;Ságújfalu;495;499;994
NOG;Sámsonháza;140;145;285
NOG;Somoskőújfalu;1083;1133;2216
NOG;Sóshartyán;448;466;914
NOG;Szalmatercs;240;228;468
NOG;Szanda;307;295;602
NOG;Szarvasgede;193;205;398
NOG;Szátok;291;273;564
NOG;Szécsénke;101;99;200
NOG;Szécsényfelfalu;195;206;401
NOG;Szendehely;793;836;1629
NOG;Szente;156;172;328
NOG;Szilaspogony;161;164;325
NOG;Szirák;560;559;1119
NOG;Szuha;245;277;522
NOG;Szurdokpüspöki;912;961;1873
NOG;Szügy;726;750;1476
NOG;Tar;891;987;1878
NOG;Terény;167;200;367
NOG;Tereske;342;349;691
NOG;Tolmács;361;402;763
NOG;Vanyarc;582;623;1205
NOG;Varsány;776;812;1588
NOG;Vizslás;639;668;1307
NOG;Zabar;218;246;464
PES;Érd;34157;35632;69789
PES;Abony;7241;7654;14895
PES;Albertirsa;6353;6935;13288
PES;Aszód;2971;3222;6193
PES;Biatorbágy;6979;7093;14072
PES;Budakalász;5639;5962;11601
PES;Budakeszi;7328;7924;15252
PES;Budaörs;14386;15429;29815
PES;Cegléd;17644;19224;36868
PES;Dabas;8300;8953;17253
PES;Diósd;5296;5589;10885
PES;Dunaharaszti;11391;11996;23387
PES;Dunakeszi;21010;22755;43765
PES;Dunavarsány;4178;4344;8522
PES;Fót;10238;10464;20702
PES;Göd;10470;10948;21418
PES;Gödöllő;15152;16804;31956
PES;Gyál;12227;12579;24806
PES;Gyömrő;9193;10050;19243
PES;Halásztelek;5698;5925;11623
PES;Isaszeg;5755;5855;11610
PES;Kerepes;5320;5359;10679
PES;Kistarcsa;6424;6914;13338
PES;Maglód;6296;6465;12761
PES;Monor;9139;9668;18807
PES;Nagykáta;6121;6444;12565
PES;Nagykőrös;11451;12396;23847
PES;Nagymaros;2555;2607;5162
PES;Ócsa;4902;4963;9865
PES;Őrbottyán;3761;3941;7702
PES;Örkény;2530;2552;5082
PES;Pécel;8174;8558;16732
PES;Pilis;6110;6072;12182
PES;Piliscsaba;4097;4259;8356
PES;Pilisvörösvár;6984;7762;14746
PES;Pomáz;8905;9389;18294
PES;Ráckeve;5158;5524;10682
PES;Sülysáp;4226;4289;8515
PES;Százhalombatta;8989;9865;18854
PES;Szentendre;13495;14890;28385
PES;Szigethalom;9121;9358;18479
PES;Szigetszentmiklós;19455;20497;39952
PES;Szob;1241;1380;2621
PES;Tápiószele;3116;3152;6268
PES;Tököl;5072;5434;10506
PES;Törökbálint;6994;7382;14376
PES;Tura;3736;4050;7786
PES;Újhartyán;1345;1462;2807
PES;Üllő;6046;6424;12470
PES;Vác;16085;17925;34010
PES;Vecsés;10396;11028;21424
PES;Veresegyház;9620;10200;19820
PES;Visegrád;882;926;1808
PES;Zsámbék;2830;2918;5748
PES;Alsónémedi;2663;2750;5413
PES;Bag;1960;1994;3954
PES;Bugyi;2665;2726;5391
PES;Csömör;4831;5069;9900
PES;Dömsöd;3029;3050;6079
PES;Kartal;2961;3054;6015
PES;Kiskunlacháza;4493;4704;9197
PES;Leányfalu;1902;2049;3951
PES;Mogyoród;3637;3610;7247
PES;Nagykovácsi;4226;4425;8651
PES;Solymár;5443;5848;11291
PES;Taksony;3180;3309;6489
PES;Tápiószecső;3081;3227;6308
PES;Tápiószentmárton;2769;2894;5663
PES;Tárnok;5054;5189;10243
PES;Valkó;1257;1247;2504
PES;Acsa;707;667;1374
PES;Apaj;603;574;1177
PES;Áporka;664;609;1273
PES;Bénye;619;654;1273
PES;Bernecebaráti;400;426;826
PES;Budajenő;1054;1105;2159
PES;Ceglédbercel;2072;2306;4378
PES;Csemő;2371;2313;4684
PES;Csévharaszt;1036;1017;2053
PES;Csobánka;1771;1767;3538
PES;Csomád;877;845;1722
PES;Csörög;1097;1105;2202
PES;Csővár;313;332;645
PES;Dánszentmiklós;1457;1434;2891
PES;Dány;2207;2314;4521
PES;Délegyháza;2574;2583;5157
PES;Domony;1120;1148;2268
PES;Dunabogdány;1572;1683;3255
PES;Ecser;1983;2100;4083
PES;Erdőkertes;4434;4539;8973
PES;Farmos;1767;1775;3542
PES;Felsőpakony;1933;1926;3859
PES;Galgagyörk;468;519;987
PES;Galgahévíz;1279;1359;2638
PES;Galgamácsa;949;975;1924
PES;Gomba;1555;1570;3125
PES;Herceghalom;1364;1304;2668
PES;Hernád;2119;2123;4242
PES;Hévízgyörk;1554;1712;3266
PES;Iklad;1004;1066;2070
PES;Inárcs;2329;2392;4721
PES;Ipolydamásd;233;190;423
PES;Ipolytölgyes;157;163;320
PES;Jászkarajenő;1314;1342;2656
PES;Kakucs;1595;1519;3114
PES;Káva;327;331;658
PES;Kemence;437;491;928
PES;Kismaros;1242;1217;2459
PES;Kisnémedi;357;388;745
PES;Kisoroszi;491;496;987
PES;Kocsér;876;930;1806
PES;Kóka;2258;2310;4568
PES;Kosd;1213;1266;2479
PES;Kóspallag;365;361;726
PES;Kőröstetétlen;396;398;794
PES;Letkés;571;596;1167
PES;Lórév;169;154;323
PES;Majosháza;899;836;1735
PES;Makád;645;623;1268
PES;Márianosztra;394;413;807
PES;Mende;2054;2111;4165
PES;Mikebuda;358;376;734
PES;Monorierdő;2436;2481;4917
PES;Nagybörzsöny;345;342;687
PES;Nagytarcsa;2524;2635;5159
PES;Nyáregyháza;1928;1936;3864
PES;Nyársapát;1096;1064;2160
PES;Pánd;1009;986;1995
PES;Páty;3947;4134;8081
PES;Penc;761;786;1547
PES;Perbál;1037;1106;2143
PES;Perőcsény;174;149;323
PES;Péteri;1220;1282;2502
PES;Pilisborosjenő;2000;1997;3997
PES;Pilisjászfalu;881;887;1768
PES;Pilisszántó;1306;1349;2655
PES;Pilisszentiván;2153;2314;4467
PES;Pilisszentkereszt;1047;1132;2179
PES;Pilisszentlászló;620;651;1271
PES;Pócsmegyer;1354;1304;2658
PES;Pusztavacs;670;663;1333
PES;Pusztazámor;603;620;1223
PES;Püspökhatvan;672;731;1403
PES;Püspökszilágy;370;366;736
PES;Rád;954;958;1912
PES;Remeteszőlős;504;547;1051
PES;Sóskút;1790;1758;3548
PES;Szada;2729;2898;5627
PES;Szentlőrinckáta;952;1014;1966
PES;Szentmártonkáta;2519;2462;4981
PES;Szigetbecse;712;720;1432
PES;Szigetcsép;1239;1311;2550
PES;Szigetmonostor;1455;1401;2856
PES;Szigetszentmárton;1159;1251;2410
PES;Szigetújfalu;1121;1130;2251
PES;Szokolya;984;985;1969
PES;Sződ;1476;1578;3054
PES;Sződliget;2282;2377;4659
PES;Táborfalva;1730;1780;3510
PES;Tahitótfalu;2985;3082;6067
PES;Tápióbicske;1871;1819;3690
PES;Tápiógyörgye;1776;1855;3631
PES;Tápióság;1350;1445;2795
PES;Tápiószőlős;1469;1538;3007
PES;Tatárszentgyörgy;999;1019;2018
PES;Telki;2184;2177;4361
PES;Tésa;58;39;97
PES;Tinnye;931;929;1860
PES;Tóalmás;1904;1933;3837
PES;Tök;701;696;1397
PES;Törtel;2068;2201;4269
PES;Újlengyel;830;926;1756
PES;Újszilvás;1363;1374;2737
PES;Úri;1266;1382;2648
PES;Üröm;3958;4138;8096
PES;Vácduka;821;878;1699
PES;Vácegres;467;457;924
PES;Váchartyán;915;958;1873
PES;Váckisújfalu;239;236;475
PES;Vácrátót;943;984;1927
PES;Vácszentlászló;1050;1096;2146
PES;Vámosmikola;749;772;1521
PES;Vasad;1013;982;1995
PES;Verőce;1948;1971;3919
PES;Verseg;663;674;1337
PES;Zebegény;643;637;1280
PES;Zsámbok;1245;1282;2527
SOM;Kaposvár;29175;33436;62611
SOM;Balatonboglár;2765;3072;5837
SOM;Balatonföldvár;1138;1206;2344
SOM;Balatonlelle;2358;2521;4879
SOM;Barcs;5189;5654;10843
SOM;Csurgó;2348;2537;4885
SOM;Fonyód;2475;2704;5179
SOM;Igal;743;773;1516
SOM;Kadarkút;1234;1211;2445
SOM;Lengyeltóti;1536;1575;3111
SOM;Marcali;5328;6052;11380
SOM;Nagyatád;4839;5553;10392
SOM;Nagybajom;1578;1594;3172
SOM;Siófok;11633;13410;25043
SOM;Tab;2095;2226;4321
SOM;Zamárdi;1286;1346;2632
SOM;Balatonszárszó;1080;1174;2254
SOM;Berzence;1137;1306;2443
SOM;Ádánd;1069;1089;2158
SOM;Alsóbogát;135;131;266
SOM;Andocs;519;536;1055
SOM;Babócsa;732;746;1478
SOM;Bábonymegyer;402;415;817
SOM;Bakháza;95;83;178
SOM;Balatonberény;591;607;1198
SOM;Balatonendréd;644;703;1347
SOM;Balatonfenyves;1080;1138;2218
SOM;Balatonkeresztúr;823;890;1713
SOM;Balatonmáriafürdő;374;419;793
SOM;Balatonőszöd;267;282;549
SOM;Balatonszabadi;1456;1513;2969
SOM;Balatonszemes;887;939;1826
SOM;Balatonszentgyörgy;813;887;1700
SOM;Balatonújlak;237;260;497
SOM;Balatonvilágos;753;724;1477
SOM;Bálványos;288;320;608
SOM;Bárdudvarnok;599;578;1177
SOM;Baté;380;402;782
SOM;Bedegkér;200;203;403
SOM;Bélavár;152;181;333
SOM;Beleg;326;296;622
SOM;Bodrog;203;196;399
SOM;Bolhás;204;211;415
SOM;Bolhó;348;391;739
SOM;Bonnya;129;119;248
SOM;Böhönye;1128;1141;2269
SOM;Bőszénfa;251;257;508
SOM;Buzsák;718;827;1545
SOM;Büssü;217;219;436
SOM;Csákány;164;157;321
SOM;Cserénfa;112;103;215
SOM;Csokonyavisonta;776;797;1573
SOM;Csoma;232;217;449
SOM;Csombárd;139;127;266
SOM;Csököly;496;546;1042
SOM;Csömend;138;163;301
SOM;Csurgónagymarton;87;88;175
SOM;Darány;450;478;928
SOM;Drávagárdony;72;83;155
SOM;Drávatamási;205;188;393
SOM;Ecseny;117;110;227
SOM;Edde;107;96;203
SOM;Felsőmocsolád;211;180;391
SOM;Fiad;65;68;133
SOM;Fonó;160;166;326
SOM;Főnyed;48;36;84
SOM;Gadács;63;38;101
SOM;Gadány;150;197;347
SOM;Gálosfa;124;116;240
SOM;Gamás;351;393;744
SOM;Gige;195;210;405
SOM;Gölle;430;433;863
SOM;Görgeteg;558;573;1131
SOM;Gyékényes;488;497;985
SOM;Gyugy;171;158;329
SOM;Hács;198;171;369
SOM;Hajmás;130;123;253
SOM;Háromfa;345;364;709
SOM;Hedrehely;199;190;389
SOM;Hencse;162;170;332
SOM;Heresznye;141;131;272
SOM;Hetes;558;602;1160
SOM;Hollád;128;133;261
SOM;Homokszentgyörgy;515;556;1071
SOM;Hosszúvíz;31;26;57
SOM;Iharos;250;262;512
SOM;Iharosberény;631;683;1314
SOM;Inke;613;628;1241
SOM;Istvándi;275;321;596
SOM;Jákó;305;328;633
SOM;Juta;600;581;1181
SOM;Kálmáncsa;302;290;592
SOM;Kánya;210;222;432
SOM;Kapoly;318;317;635
SOM;Kaposfő;779;804;1583
SOM;Kaposgyarmat;47;44;91
SOM;Kaposhomok;241;239;480
SOM;Kaposkeresztúr;168;181;349
SOM;Kaposmérő;1181;1266;2447
SOM;Kaposszerdahely;516;516;1032
SOM;Kaposújlak;353;355;708
SOM;Kára;31;30;61
SOM;Karád;783;777;1560
SOM;Kastélyosdombó;105;107;212
SOM;Kaszó;54;45;99
SOM;Kazsok;175;151;326
SOM;Kelevíz;189;165;354
SOM;Kercseliget;207;182;389
SOM;Kereki;258;285;543
SOM;Kéthely;1142;1181;2323
SOM;Kisasszond;106;78;184
SOM;Kisbajom;197;223;420
SOM;Kisbárapáti;203;197;400
SOM;Kisberény;105;107;212
SOM;Kisgyalán;122;117;239
SOM;Kiskorpád;439;469;908
SOM;Komlósd;77;97;174
SOM;Kőkút;285;242;527
SOM;Kőröshegy;678;742;1420
SOM;Kötcse;267;277;544
SOM;Kutas;716;715;1431
SOM;Lábod;920;961;1881
SOM;Lad;289;316;605
SOM;Lakócsa;283;301;584
SOM;Látrány;665;746;1411
SOM;Libickozma;22;17;39
SOM;Lulla;118;103;221
SOM;Magyaratád;402;403;805
SOM;Magyaregres;297;305;602
SOM;Mernye;631;665;1296
SOM;Mesztegnyő;627;678;1305
SOM;Mezőcsokonya;613;630;1243
SOM;Mike;330;305;635
SOM;Miklósi;107;109;216
SOM;Mosdós;417;483;900
SOM;Nágocs;295;324;619
SOM;Nagyberény;655;690;1345
SOM;Nagyberki;679;767;1446
SOM;Nagycsepely;184;194;378
SOM;Nagykorpád;288;264;552
SOM;Nagyszakácsi;245;215;460
SOM;Nemesdéd;417;409;826
SOM;Nemeskisfalud;65;61;126
SOM;Nemesvid;396;349;745
SOM;Nikla;394;376;770
SOM;Nyim;170;167;337
SOM;Orci;264;288;552
SOM;Ordacsehi;442;424;866
SOM;Osztopán;410;385;795
SOM;Öreglak;745;788;1533
SOM;Őrtilos;250;230;480
SOM;Ötvöskónyi;454;464;918
SOM;Pálmajor;169;176;345
SOM;Pamuk;152;141;293
SOM;Patalom;153;172;325
SOM;Patca;29;32;61
SOM;Patosfa;111;131;242
SOM;Péterhida;83;84;167
SOM;Pogányszentpéter;266;241;507
SOM;Polány;139;132;271
SOM;Porrog;109;105;214
SOM;Porrogszentkirály;136;151;287
SOM;Porrogszentpál;37;47;84
SOM;Potony;93;105;198
SOM;Pusztakovácsi;423;443;866
SOM;Pusztaszemes;194;195;389
SOM;Ráksi;227;228;455
SOM;Rinyabesenyő;115;91;206
SOM;Rinyakovácsi;94;79;173
SOM;Rinyaszentkirály;220;181;401
SOM;Rinyaújlak;161;160;321
SOM;Rinyaújnép;29;22;51
SOM;Ságvár;894;1020;1914
SOM;Sántos;240;260;500
SOM;Sávoly;273;230;503
SOM;Segesd;1211;1237;2448
SOM;Sérsekszőlős;70;72;142
SOM;Simonfa;174;202;376
SOM;Siójut;345;316;661
SOM;Som;354;340;694
SOM;Somodor;217;192;409
SOM;Somogyacsa;92;86;178
SOM;Somogyaracs;103;86;189
SOM;Somogyaszaló;385;369;754
SOM;Somogybabod;235;230;465
SOM;Somogybükkösd;48;36;84
SOM;Somogycsicsó;72;79;151
SOM;Somogydöröcske;63;75;138
SOM;Somogyegres;107;89;196
SOM;Somogyfajsz;281;261;542
SOM;Somogygeszti;230;209;439
SOM;Somogyjád;732;830;1562
SOM;Somogymeggyes;247;233;480
SOM;Somogysámson;370;359;729
SOM;Somogysárd;651;644;1295
SOM;Somogysimonyi;57;52;109
SOM;Somogyszentpál;413;399;812
SOM;Somogyszil;352;357;709
SOM;Somogyszob;744;773;1517
SOM;Somogytúr;238;242;480
SOM;Somogyudvarhely;483;530;1013
SOM;Somogyvámos;386;393;779
SOM;Somogyvár;864;849;1713
SOM;Somogyzsitfa;286;293;579
SOM;Szabadi;148;160;308
SOM;Szabás;333;261;594
SOM;Szántód;343;355;698
SOM;Szegerdő;111;111;222
SOM;Szenna;386;393;779
SOM;Szenta;201;202;403
SOM;Szentbalázs;154;157;311
SOM;Szentborbás;63;64;127
SOM;Szentgáloskér;264;266;530
SOM;Szenyér;182;154;336
SOM;Szilvásszentmárton;98;100;198
SOM;Szólád;296;293;589
SOM;Szorosad;43;58;101
SOM;Szőkedencs;132;132;264
SOM;Szőlősgyörök;650;653;1303
SOM;Szulok;317;303;620
SOM;Tapsony;326;353;679
SOM;Tarany;552;604;1156
SOM;Táska;212;203;415
SOM;Taszár;957;1025;1982
SOM;Teleki;118;108;226
SOM;Tengőd;225;224;449
SOM;Tikos;77;65;142
SOM;Torvaj;137;117;254
SOM;Tótújfalu;129;120;249
SOM;Törökkoppány;195;218;413
SOM;Újvárfalva;135;122;257
SOM;Varászló;71;89;160
SOM;Várda;217;239;456
SOM;Vése;355;377;732
SOM;Visnye;130;112;242
SOM;Visz;104;96;200
SOM;Vízvár;252;264;516
SOM;Vörs;245;273;518
SOM;Zákány;527;579;1106
SOM;Zákányfalu;251;274;525
SOM;Zala;124;118;242
SOM;Zics;166;171;337
SOM;Zimány;282;268;550
SOM;Zselickisfalud;132;116;248
SOM;Zselickislak;187;235;422
SOM;Zselicszentpál;213;210;423
SZA;Nyíregyháza;56363;63402;119765
SZA;Ajak;1794;1931;3725
SZA;Baktalórántháza;1839;1947;3786
SZA;Balkány;3089;3088;6177
SZA;Csenger;2460;2659;5119
SZA;Demecser;2071;2211;4282
SZA;Dombrád;2027;2050;4077
SZA;Fehérgyarmat;3828;4162;7990
SZA;Ibrány;3400;3514;6914
SZA;Kemecse;2472;2552;5024
SZA;Kisvárda;8007;8837;16844
SZA;Mándok;2076;2200;4276
SZA;Máriapócs;978;1083;2061
SZA;Mátészalka;7939;8785;16724
SZA;Nagyecsed;3135;3278;6413
SZA;Nagyhalász;2858;2902;5760
SZA;Nagykálló;4716;4997;9713
SZA;Nyírbátor;5839;6250;12089
SZA;Nyírlugos;1326;1409;2735
SZA;Nyírmada;2470;2601;5071
SZA;Nyírtelek;3562;3534;7096
SZA;Rakamaz;2247;2427;4674
SZA;Tiszalök;2582;2760;5342
SZA;Tiszavasvári;6448;6588;13036
SZA;Újfehértó;6228;6516;12744
SZA;Vaja;1840;1833;3673
SZA;Vásárosnamény;4295;4550;8845
SZA;Záhony;2147;2305;4452
SZA;Gávavencsellő;1707;1811;3518
SZA;Hodász;1661;1657;3318
SZA;Kállósemjén;1826;1882;3708
SZA;Kölcse;694;737;1431
SZA;Levelek;1487;1505;2992
SZA;Mérk;1053;1138;2191
SZA;Nyírbéltek;1439;1457;2896
SZA;Nyírbogát;1528;1560;3088
SZA;Ököritófülpös;920;927;1847
SZA;Porcsalma;1428;1407;2835
SZA;Tarpa;1362;1376;2738
SZA;Tiszabecs;800;750;1550
SZA;Tiszadob;1394;1341;2735
SZA;Tuzsér;1815;1741;3556
SZA;Tyukod;1009;1048;2057
SZA;Anarcs;1006;1021;2027
SZA;Apagy;1193;1205;2398
SZA;Aranyosapáti;1080;1150;2230
SZA;Balsa;357;378;735
SZA;Barabás;537;502;1039
SZA;Bátorliget;340;329;669
SZA;Benk;238;244;482
SZA;Beregdaróc;548;490;1038
SZA;Beregsurány;532;485;1017
SZA;Berkesz;378;394;772
SZA;Besenyőd;428;413;841
SZA;Beszterec;499;510;1009
SZA;Biri;667;688;1355
SZA;Botpalád;523;392;915
SZA;Bököny;1546;1581;3127
SZA;Buj;1136;1150;2286
SZA;Cégénydányád;325;338;663
SZA;Csaholc;364;302;666
SZA;Csaroda;290;332;622
SZA;Császló;189;199;388
SZA;Csegöld;358;363;721
SZA;Csengersima;412;397;809
SZA;Csengerújfalu;500;468;968
SZA;Darnó;93;93;186
SZA;Döge;1153;1128;2281
SZA;Encsencs;987;952;1939
SZA;Eperjeske;600;642;1242
SZA;Érpatak;927;857;1784
SZA;Fábiánháza;969;897;1866
SZA;Fényeslitke;1202;1334;2536
SZA;Fülesd;247;216;463
SZA;Fülpösdaróc;154;198;352
SZA;Gacsály;506;514;1020
SZA;Garbolc;70;80;150
SZA;Géberjén;239;246;485
SZA;Gégény;969;951;1920
SZA;Gelénes;321;310;631
SZA;Gemzse;461;466;927
SZA;Geszteréd;877;914;1791
SZA;Gulács;547;531;1078
SZA;Győröcske;89;75;164
SZA;Győrtelek;879;852;1731
SZA;Gyulaháza;962;994;1956
SZA;Gyügye;150;145;295
SZA;Gyüre;658;646;1304
SZA;Hermánszeg;142;148;290
SZA;Hetefejércse;136;173;309
SZA;Ilk;693;667;1360
SZA;Jánd;410;388;798
SZA;Jánkmajtis;869;924;1793
SZA;Jármi;621;651;1272
SZA;Jéke;355;402;757
SZA;Kálmánháza;936;943;1879
SZA;Kántorjánosi;1025;1096;2121
SZA;Kék;1006;1027;2033
SZA;Kékcse;757;825;1582
SZA;Kérsemjén;162;157;319
SZA;Kisar;582;526;1108
SZA;Kishódos;46;46;92
SZA;Kisléta;881;867;1748
SZA;Kisnamény;152;158;310
SZA;Kispalád;496;423;919
SZA;Kisszekeres;263;295;558
SZA;Kisvarsány;512;534;1046
SZA;Kocsord;1476;1538;3014
SZA;Komlódtótfalu;73;75;148
SZA;Komoró;648;685;1333
SZA;Kótaj;2289;2317;4606
SZA;Kömörő;303;302;605
SZA;Laskod;453;479;932
SZA;Lónya;587;499;1086
SZA;Lövőpetri;249;269;518
SZA;Magosliget;170;162;332
SZA;Magy;435;473;908
SZA;Mánd;168;154;322
SZA;Márokpapi;344;308;652
SZA;Mátyus;176;158;334
SZA;Méhtelek;387;407;794
SZA;Mezőladány;548;510;1058
SZA;Milota;498;500;998
SZA;Nábrád;456;450;906
SZA;Nagyar;343;333;676
SZA;Nagycserkesz;927;811;1738
SZA;Nagydobos;1124;1142;2266
SZA;Nagyhódos;75;77;152
SZA;Nagyszekeres;273;282;555
SZA;Nagyvarsány;703;716;1419
SZA;Napkor;1893;1935;3828
SZA;Nemesborzova;61;60;121
SZA;Nyírbogdány;1454;1484;2938
SZA;Nyírcsaholy;1160;1157;2317
SZA;Nyírcsászári;606;606;1212
SZA;Nyírderzs;290;314;604
SZA;Nyírgelse;567;565;1132
SZA;Nyírgyulaj;1019;1006;2025
SZA;Nyíribrony;584;580;1164
SZA;Nyírjákó;421;441;862
SZA;Nyírkarász;1078;1207;2285
SZA;Nyírkáta;1093;1002;2095
SZA;Nyírkércs;377;386;763
SZA;Nyírlövő;328;356;684
SZA;Nyírmeggyes;1340;1330;2670
SZA;Nyírmihálydi;1115;1148;2263
SZA;Nyírparasznya;492;482;974
SZA;Nyírpazony;1819;1901;3720
SZA;Nyírpilis;508;477;985
SZA;Nyírtass;1024;965;1989
SZA;Nyírtét;512;500;1012
SZA;Nyírtura;953;1000;1953
SZA;Nyírvasvári;1030;998;2028
SZA;Ófehértó;1296;1310;2606
SZA;Olcsva;405;344;749
SZA;Olcsvaapáti;155;163;318
SZA;Ópályi;1654;1584;3238
SZA;Ömböly;239;236;475
SZA;Őr;757;767;1524
SZA;Panyola;286;282;568
SZA;Pap;956;970;1926
SZA;Papos;419;440;859
SZA;Paszab;661;628;1289
SZA;Pátroha;1526;1594;3120
SZA;Pátyod;346;353;699
SZA;Penészlek;517;529;1046
SZA;Penyige;400;388;788
SZA;Petneháza;880;869;1749
SZA;Piricse;928;966;1894
SZA;Pócspetri;806;919;1725
SZA;Pusztadobos;743;786;1529
SZA;Ramocsaháza;719;782;1501
SZA;Rápolt;81;81;162
SZA;Rétközberencs;597;579;1176
SZA;Rohod;601;669;1270
SZA;Rozsály;403;369;772
SZA;Sényő;708;721;1429
SZA;Sonkád;455;428;883
SZA;Szabolcs;169;182;351
SZA;Szabolcsbáka;562;595;1157
SZA;Szabolcsveresmart;747;752;1499
SZA;Szakoly;1407;1371;2778
SZA;Szamosangyalos;469;337;806
SZA;Szamosbecs;212;199;411
SZA;Szamoskér;226;189;415
SZA;Szamossályi;378;374;752
SZA;Szamosszeg;939;946;1885
SZA;Szamostatárfalva;172;159;331
SZA;Szamosújlak;195;217;412
SZA;Szatmárcseke;850;796;1646
SZA;Székely;581;512;1093
SZA;Szorgalmatos;520;489;1009
SZA;Tákos;177;173;350
SZA;Terem;358;334;692
SZA;Tiborszállás;495;518;1013
SZA;Timár;676;672;1348
SZA;Tiszaadony;335;336;671
SZA;Tiszabercel;901;940;1841
SZA;Tiszabezdéd;979;974;1953
SZA;Tiszacsécse;133;130;263
SZA;Tiszadada;1085;1122;2207
SZA;Tiszaeszlár;1314;1331;2645
SZA;Tiszakanyár;796;852;1648
SZA;Tiszakerecseny;535;522;1057
SZA;Tiszakóród;412;397;809
SZA;Tiszamogyorós;339;354;693
SZA;Tiszanagyfalu;920;986;1906
SZA;Tiszarád;322;292;614
SZA;Tiszaszalka;452;500;952
SZA;Tiszaszentmárton;618;594;1212
SZA;Tiszatelek;672;706;1378
SZA;Tiszavid;323;300;623
SZA;Tisztaberek;372;335;707
SZA;Tivadar;103;101;204
SZA;Tornyospálca;1397;1333;2730
SZA;Tunyogmatolcs;1281;1237;2518
SZA;Túristvándi;410;376;786
SZA;Túrricse;352;350;702
SZA;Újdombrád;355;340;695
SZA;Újkenéz;507;512;1019
SZA;Ura;318;326;644
SZA;Uszka;304;292;596
SZA;Vállaj;661;614;1275
SZA;Vámosatya;288;281;569
SZA;Vámosoroszi;286;281;567
SZA;Vasmegyer;861;881;1742
SZA;Zajta;237;228;465
SZA;Zsarolyán;210;226;436
SZA;Zsurk;358;359;717
SZO;Szolnok;32922;36721;69643
SZO;Abádszalók;2070;2187;4257
SZO;Besenyszög;1633;1668;3301
SZO;Fegyvernek;3315;3368;6683
SZO;Jászapáti;4166;4480;8646
SZO;Jászárokszállás;3706;3978;7684
SZO;Jászberény;12515;13529;26044
SZO;Jászfényszaru;2813;2991;5804
SZO;Jászkisér;2617;2675;5292
SZO;Karcag;9659;10190;19849
SZO;Kenderes;2179;2271;4450
SZO;Kisújszállás;5367;5581;10948
SZO;Kunhegyes;3814;3913;7727
SZO;Kunszentmárton;3898;4133;8031
SZO;Martfű;3045;3311;6356
SZO;Mezőtúr;8193;8627;16820
SZO;Rákóczifalva;2665;2775;5440
SZO;Tiszaföldvár;5319;5483;10802
SZO;Tiszafüred;5533;5878;11411
SZO;Törökszentmiklós;10110;10654;20764
SZO;Túrkeve;4237;4420;8657
SZO;Újszász;3008;3196;6204
SZO;Cibakháza;1999;1953;3952
SZO;Jászladány;2803;2837;5640
SZO;Kunmadaras;2730;2720;5450
SZO;Öcsöd;1599;1621;3220
SZO;Alattyán;971;1052;2023
SZO;Berekfürdő;646;690;1336
SZO;Csataszög;157;157;314
SZO;Csépa;818;866;1684
SZO;Cserkeszőlő;1119;1206;2325
SZO;Hunyadfalva;105;102;207
SZO;Jánoshida;1238;1323;2561
SZO;Jászágó;338;371;709
SZO;Jászalsószentgyörgy;1673;1741;3414
SZO;Jászboldogháza;846;849;1695
SZO;Jászdózsa;1002;1132;2134
SZO;Jászfelsőszentgyörgy;931;911;1842
SZO;Jászivány;206;198;404
SZO;Jászjákóhalma;1444;1463;2907
SZO;Jászszentandrás;1199;1277;2476
SZO;Jásztelek;782;761;1543
SZO;Kengyel;1726;1766;3492
SZO;Kétpó;339;299;638
SZO;Kőtelek;745;817;1562
SZO;Kuncsorba;293;292;585
SZO;Mesterszállás;335;333;668
SZO;Mezőhék;164;178;342
SZO;Nagyiván;529;564;1093
SZO;Nagykörű;823;823;1646
SZO;Nagyrév;350;317;667
SZO;Örményes;502;506;1008
SZO;Pusztamonostor;786;811;1597
SZO;Rákócziújfalu;994;982;1976
SZO;Szajol;1933;1924;3857
SZO;Szászberek;483;510;993
SZO;Szelevény;518;498;1016
SZO;Tiszabő;1183;1088;2271
SZO;Tiszabura;1660;1546;3206
SZO;Tiszaderzs;564;602;1166
SZO;Tiszagyenda;517;526;1043
SZO;Tiszaigar;399;403;802
SZO;Tiszainoka;204;210;414
SZO;Tiszajenő;772;799;1571
SZO;Tiszakürt;675;691;1366
SZO;Tiszaörs;678;665;1343
SZO;Tiszapüspöki;1041;1050;2091
SZO;Tiszaroff;835;858;1693
SZO;Tiszasas;526;552;1078
SZO;Tiszasüly;756;761;1517
SZO;Tiszaszentimre;971;1021;1992
SZO;Tiszaszőlős;776;735;1511
SZO;Tiszatenyő;818;817;1635
SZO;Tiszavárkony;788;789;1577
SZO;Tomajmonostora;385;361;746
SZO;Tószeg;2259;2262;4521
SZO;Vezseny;326;337;663
SZO;Zagyvarékas;1804;1920;3724
TOL;Szekszárd;15050;17076;32126
TOL;Bátaszék;3090;3385;6475
TOL;Bonyhád;6148;6758;12906
TOL;Dombóvár;8716;9680;18396
TOL;Dunaföldvár;4126;4363;8489
TOL;Gyönk;814;918;1732
TOL;Nagymányok;1098;1175;2273
TOL;Paks;8865;9574;18439
TOL;Simontornya;1877;2012;3889
TOL;Tamási;3851;4186;8037
TOL;Tolna;5551;5949;11500
TOL;Decs;1978;2171;4149
TOL;Fadd;2109;2109;4218
TOL;Hőgyész;1301;1462;2763
TOL;Nagydorog;1302;1340;2642
TOL;Pincehely;1031;1127;2158
TOL;Alsónána;341;372;713
TOL;Alsónyék;353;367;720
TOL;Aparhant;510;500;1010
TOL;Attala;404;376;780
TOL;Báta;767;833;1600
TOL;Bátaapáti;218;192;410
TOL;Belecska;173;183;356
TOL;Bikács;221;200;421
TOL;Bogyiszló;1070;1086;2156
TOL;Bonyhádvarasd;218;230;448
TOL;Bölcske;1354;1392;2746
TOL;Cikó;438;466;904
TOL;Csibrák;143;157;300
TOL;Csikóstőttős;424;427;851
TOL;Dalmand;611;643;1254
TOL;Diósberény;158;166;324
TOL;Döbrököz;948;1027;1975
TOL;Dunaszentgyörgy;1262;1290;2552
TOL;Dúzs;123;109;232
TOL;Értény;401;328;729
TOL;Fácánkert;348;344;692
TOL;Felsőnána;315;301;616
TOL;Felsőnyék;546;538;1084
TOL;Fürged;353;360;713
TOL;Gerjen;623;618;1241
TOL;Grábóc;88;83;171
TOL;Györe;331;329;660
TOL;Györköny;506;501;1007
TOL;Gyulaj;479;483;962
TOL;Harc;427;435;862
TOL;Iregszemcse;1314;1308;2622
TOL;Izmény;268;226;494
TOL;Jágónak;122;117;239
TOL;Kajdacs;587;564;1151
TOL;Kakasd;812;869;1681
TOL;Kalaznó;85;66;151
TOL;Kapospula;420;441;861
TOL;Kaposszekcső;729;795;1524
TOL;Keszőhidegkút;102;106;208
TOL;Kéty;350;363;713
TOL;Kisdorog;367;347;714
TOL;Kismányok;173;165;338
TOL;Kisszékely;151;161;312
TOL;Kistormás;165;168;333
TOL;Kisvejke;225;195;420
TOL;Kocsola;630;621;1251
TOL;Koppányszántó;160;167;327
TOL;Kölesd;746;741;1487
TOL;Kurd;570;564;1134
TOL;Lápafő;87;81;168
TOL;Lengyel;243;277;520
TOL;Madocsa;938;970;1908
TOL;Magyarkeszi;571;599;1170
TOL;Medina;403;389;792
TOL;Miszla;155;121;276
TOL;Mórágy;374;363;737
TOL;Mőcsény;168;175;343
TOL;Mucsfa;182;162;344
TOL;Mucsi;249;220;469
TOL;Murga;35;24;59
TOL;Nagykónyi;520;528;1048
TOL;Nagyszékely;215;207;422
TOL;Nagyszokoly;440;431;871
TOL;Nagyvejke;76;74;150
TOL;Nak;276;260;536
TOL;Németkér;866;858;1724
TOL;Ozora;848;814;1662
TOL;Őcsény;1189;1228;2417
TOL;Pálfa;735;767;1502
TOL;Pári;312;350;662
TOL;Pörböly;276;276;552
TOL;Pusztahencse;519;524;1043
TOL;Regöly;526;589;1115
TOL;Sárpilis;336;306;642
TOL;Sárszentlőrinc;505;538;1043
TOL;Sióagárd;608;677;1285
TOL;Szakadát;108;134;242
TOL;Szakály;645;639;1284
TOL;Szakcs;415;436;851
TOL;Szálka;324;328;652
TOL;Szárazd;141;135;276
TOL;Szedres;1069;1084;2153
TOL;Tengelic;1087;1082;2169
TOL;Tevel;657;699;1356
TOL;Tolnanémedi;454;544;998
TOL;Udvari;173;147;320
TOL;Újireg;137;156;293
TOL;Váralja;387;419;806
TOL;Várdomb;580;594;1174
TOL;Várong;76;67;143
TOL;Varsád;176;196;372
TOL;Závod;146;145;291
TOL;Zomba;987;1054;2041
VAS;Szombathely;35863;40222;76085
VAS;Bük;1727;1810;3537
VAS;Celldömölk;4895;5534;10429
VAS;Csepreg;1536;1710;3246
VAS;Jánosháza;1193;1299;2492
VAS;Körmend;5235;5716;10951
VAS;Kőszeg;5546;5954;11500
VAS;Őriszentpéter;568;589;1157
VAS;Répcelak;1266;1341;2607
VAS;Sárvár;6978;7530;14508
VAS;Szentgotthárd;4139;4335;8474
VAS;Vasvár;2007;2095;4102
VAS;Vép;1679;1658;3337
VAS;Acsád;286;366;652
VAS;Alsószölnök;165;186;351
VAS;Alsóújlak;283;296;579
VAS;Andrásfa;128;105;233
VAS;Apátistvánfalva;180;220;400
VAS;Bajánsenye;232;257;489
VAS;Balogunyom;580;583;1163
VAS;Bejcgyertyános;203;217;420
VAS;Bérbaltavár;265;254;519
VAS;Boba;413;412;825
VAS;Borgáta;101;103;204
VAS;Bozsok;182;185;367
VAS;Bozzai;154;140;294
VAS;Bő;373;358;731
VAS;Bögöt;202;198;400
VAS;Bögöte;156;166;322
VAS;Bucsu;289;295;584
VAS;Cák;131;147;278
VAS;Chernelházadamonya;118;112;230
VAS;Csákánydoroszló;849;870;1719
VAS;Csánig;170;169;339
VAS;Csehi;126;118;244
VAS;Csehimindszent;183;183;366
VAS;Csempeszkopács;163;155;318
VAS;Csénye;354;355;709
VAS;Csipkerek;162;179;341
VAS;Csönge;202;203;405
VAS;Csörötnek;459;414;873
VAS;Daraboshegy;50;49;99
VAS;Dozmat;136;136;272
VAS;Döbörhegy;72;73;145
VAS;Döröske;51;55;106
VAS;Duka;134;121;255
VAS;Egervölgy;185;163;348
VAS;Egyházashetye;156;164;320
VAS;Egyházashollós;274;273;547
VAS;Egyházasrádóc;662;632;1294
VAS;Felsőcsatár;237;242;479
VAS;Felsőjánosfa;91;108;199
VAS;Felsőmarác;128;124;252
VAS;Felsőszölnök;289;289;578
VAS;Gasztony;227;214;441
VAS;Gencsapáti;1318;1362;2680
VAS;Gérce;570;594;1164
VAS;Gersekarát;349;328;677
VAS;Gór;165;149;314
VAS;Gyanógeregye;75;81;156
VAS;Gyöngyösfalu;550;551;1101
VAS;Győrvár;310;323;633
VAS;Halastó;44;43;87
VAS;Halogy;134;135;269
VAS;Harasztifalu;81;85;166
VAS;Hegyfalu;376;383;759
VAS;Hegyháthodász;83;73;156
VAS;Hegyhátsál;63;83;146
VAS;Hegyhátszentjakab;142;124;266
VAS;Hegyhátszentmárton;37;33;70
VAS;Hegyhátszentpéter;78;75;153
VAS;Horvátlövő;98;103;201
VAS;Horvátzsidány;396;424;820
VAS;Hosszúpereszteg;309;335;644
VAS;Ikervár;848;888;1736
VAS;Iklanberény;26;28;54
VAS;Ispánk;51;59;110
VAS;Ivánc;335;321;656
VAS;Ják;1277;1294;2571
VAS;Jákfa;253;244;497
VAS;Káld;491;539;1030
VAS;Kám;224;248;472
VAS;Karakó;105;110;215
VAS;Katafa;174;170;344
VAS;Keléd;49;34;83
VAS;Kemeneskápolna;52;48;100
VAS;Kemenesmagasi;431;464;895
VAS;Kemenesmihályfa;267;245;512
VAS;Kemenespálfa;209;193;402
VAS;Kemenessömjén;276;287;563
VAS;Kemenesszentmárton;103;110;213
VAS;Kemestaródfa;113;122;235
VAS;Kenéz;135;143;278
VAS;Kenyeri;408;427;835
VAS;Kercaszomor;115;114;229
VAS;Kerkáskápolna;36;34;70
VAS;Kétvölgy;54;55;109
VAS;Kisrákos;97;83;180
VAS;Kissomlyó;117;122;239
VAS;Kisunyom;220;232;452
VAS;Kiszsidány;43;54;97
VAS;Kondorfa;258;249;507
VAS;Köcsk;132;123;255
VAS;Kőszegdoroszló;131;118;249
VAS;Kőszegpaty;116;79;195
VAS;Kőszegszerdahely;265;256;521
VAS;Lócs;66;66;132
VAS;Lukácsháza;555;540;1095
VAS;Magyarlak;388;414;802
VAS;Magyarnádalja;134;121;255
VAS;Magyarszecsőd;222;212;434
VAS;Magyarszombatfa;122;147;269
VAS;Meggyeskovácsi;348;337;685
VAS;Megyehíd;146;167;313
VAS;Mersevát;298;292;590
VAS;Mesterháza;80;80;160
VAS;Mesteri;133;139;272
VAS;Meszlen;104;110;214
VAS;Mikosszéplak;158;162;320
VAS;Molnaszecsőd;218;193;411
VAS;Nádasd;646;689;1335
VAS;Nagygeresd;137;136;273
VAS;Nagykölked;80;78;158
VAS;Nagymizdó;62;54;116
VAS;Nagyrákos;139;130;269
VAS;Nagysimonyi;478;494;972
VAS;Nagytilaj;75;76;151
VAS;Nárai;741;773;1514
VAS;Narda;236;260;496
VAS;Nemesbőd;352;298;650
VAS;Nemescsó;152;148;300
VAS;Nemeskeresztúr;141;156;297
VAS;Nemeskocs;163;156;319
VAS;Nemeskolta;186;193;379
VAS;Nemesládony;64;75;139
VAS;Nemesmedves;15;12;27
VAS;Nemesrempehollós;136;129;265
VAS;Nick;270;266;536
VAS;Nyőgér;172;171;343
VAS;Olaszfa;178;201;379
VAS;Ólmod;62;56;118
VAS;Orfalu;41;39;80
VAS;Ostffyasszonyfa;385;399;784
VAS;Oszkó;317;311;628
VAS;Ölbő;355;383;738
VAS;Őrimagyarósd;117;113;230
VAS;Pácsony;147;145;292
VAS;Pankasz;219;226;445
VAS;Pápoc;143;156;299
VAS;Pecöl;390;387;777
VAS;Perenye;329;347;676
VAS;Peresznye;308;327;635
VAS;Petőmihályfa;104;108;212
VAS;Pinkamindszent;91;88;179
VAS;Pornóapáti;160;194;354
VAS;Porpác;66;76;142
VAS;Pósfa;140;125;265
VAS;Pusztacsó;75;87;162
VAS;Püspökmolnári;419;464;883
VAS;Rábagyarmat;387;353;740
VAS;Rábahídvég;458;500;958
VAS;Rábapaty;834;846;1680
VAS;Rábatöttös;127;104;231
VAS;Rádóckölked;148;140;288
VAS;Rátót;118;117;235
VAS;Répceszentgyörgy;58;60;118
VAS;Rönök;206;203;409
VAS;Rum;565;572;1137
VAS;Sajtoskál;189;190;379
VAS;Salköveskút;250;235;485
VAS;Sárfimizdó;48;54;102
VAS;Sé;685;729;1414
VAS;Simaság;275;264;539
VAS;Sitke;368;373;741
VAS;Sorkifalud;323;342;665
VAS;Sorkikápolna;122;122;244
VAS;Sorokpolány;383;427;810
VAS;Sótony;332;306;638
VAS;Söpte;404;413;817
VAS;Szaknyér;28;25;53
VAS;Szakonyfalu;193;185;378
VAS;Szalafő;98;104;202
VAS;Szarvaskend;117;106;223
VAS;Szatta;37;32;69
VAS;Szeleste;330;333;663
VAS;Szemenye;160;182;342
VAS;Szentpéterfa;497;526;1023
VAS;Szergény;144;147;291
VAS;Szőce;172;164;336
VAS;Tanakajd;373;361;734
VAS;Táplánszentkereszt;1282;1315;2597
VAS;Telekes;245;269;514
VAS;Tokorcs;181;178;359
VAS;Tompaládony;169;152;321
VAS;Tormásliget;145;147;292
VAS;Torony;998;1028;2026
VAS;Tömörd;145;137;282
VAS;Uraiújfalu;400;425;825
VAS;Vámoscsalád;152;151;303
VAS;Vasalja;161;178;339
VAS;Vásárosmiske;175;177;352
VAS;Vasasszonyfa;203;175;378
VAS;Vasegerszeg;164;190;354
VAS;Vashosszúfalu;178;180;358
VAS;Vaskeresztes;175;165;340
VAS;Vassurány;394;395;789
VAS;Vasszécseny;669;680;1349
VAS;Vasszentmihály;167;172;339
VAS;Vasszilvágy;212;204;416
VAS;Vát;338;332;670
VAS;Velem;187;207;394
VAS;Velemér;40;35;75
VAS;Viszák;140;124;264
VAS;Vönöck;365;362;727
VAS;Zsédeny;106;109;215
VAS;Zsennye;54;48;102
VES;Veszprém;26041;29206;55247
VES;Ajka;13487;14636;28123
VES;Badacsonytomaj;1039;1123;2162
VES;Balatonalmádi;4853;5058;9911
VES;Balatonfüred;6352;7210;13562
VES;Balatonfűzfő;2155;2312;4467
VES;Balatonkenese;1350;1374;2724
VES;Berhida;2918;2981;5899
VES;Devecser;2210;2215;4425
VES;Herend;1742;1752;3494
VES;Pápa;14168;15629;29797
VES;Sümeg;2917;3156;6073
VES;Tapolca;7351;8149;15500
VES;Várpalota;9773;10394;20167
VES;Zirc;3287;3438;6725
VES;Pétfürdő;2232;2484;4716
VES;Révfülöp;574;614;1188
VES;Ábrahámhegy;292;278;570
VES;Adásztevel;420;420;840
VES;Adorjánháza;203;206;409
VES;Alsóörs;956;1002;1958
VES;Apácatorna;86;86;172
VES;Aszófő;250;217;467
VES;Badacsonytördemic;456;469;925
VES;Bakonybél;560;601;1161
VES;Bakonyjákó;367;356;723
VES;Bakonykoppány;112;107;219
VES;Bakonynána;500;525;1025
VES;Bakonyoszlop;239;233;472
VES;Bakonypölöske;217;201;418
VES;Bakonyság;32;42;74
VES;Bakonyszentiván;112;111;223
VES;Bakonyszentkirály;423;415;838
VES;Bakonyszücs;149;138;287
VES;Bakonytamási;308;309;617
VES;Balatonakali;361;345;706
VES;Balatonakarattya;493;472;965
VES;Balatoncsicsó;121;136;257
VES;Balatonederics;504;526;1030
VES;Balatonfőkajár;690;672;1362
VES;Balatonhenye;72;63;135
VES;Balatonrendes;82;83;165
VES;Balatonszepezd;211;220;431
VES;Balatonszőlős;330;330;660
VES;Balatonudvari;189;200;389
VES;Bánd;340;349;689
VES;Barnag;77;71;148
VES;Bazsi;234;225;459
VES;Béb;138;134;272
VES;Békás;118;97;215
VES;Bodorfa;55;45;100
VES;Borszörcsök;190;195;385
VES;Borzavár;400;361;761
VES;Csabrendek;1534;1549;3083
VES;Csajág;434;419;853
VES;Csehbánya;154;155;309
VES;Csesznek;263;263;526
VES;Csetény;919;925;1844
VES;Csopak;1073;1122;2195
VES;Csót;483;506;989
VES;Csögle;317;307;624
VES;Dabronc;227;243;470
VES;Dabrony;238;222;460
VES;Dáka;309;331;640
VES;Doba;231;222;453
VES;Döbrönte;150;143;293
VES;Dörgicse;150;157;307
VES;Dudar;878;868;1746
VES;Egeralja;110;105;215
VES;Egyházaskesző;267;260;527
VES;Eplény;256;256;512
VES;Farkasgyepű;177;184;361
VES;Felsőörs;947;933;1880
VES;Ganna;141;133;274
VES;Gecse;191;211;402
VES;Gic;185;177;362
VES;Gógánfa;414;383;797
VES;Gyepükaján;179;182;361
VES;Gyulakeszi;356;355;711
VES;Hajmáskér;1494;1611;3105
VES;Halimba;612;616;1228
VES;Hárskút;339;340;679
VES;Hegyesd;92;83;175
VES;Hegymagas;141;137;278
VES;Hetyefő;44;44;88
VES;Hidegkút;242;239;481
VES;Homokbödöge;334;343;677
VES;Hosztót;28;39;67
VES;Iszkáz;184;156;340
VES;Jásd;344;355;699
VES;Kamond;223;199;422
VES;Kapolcs;179;208;387
VES;Káptalanfa;420;397;817
VES;Káptalantóti;259;238;497
VES;Karakószörcsök;149;137;286
VES;Kékkút;41;26;67
VES;Kemeneshőgyész;247;251;498
VES;Kemenesszentpéter;302;309;611
VES;Kerta;293;272;565
VES;Királyszentistván;260;253;513
VES;Kisapáti;190;168;358
VES;Kisberzseny;52;56;108
VES;Kiscsősz;56;59;115
VES;Kislőd;643;610;1253
VES;Kispirit;38;33;71
VES;Kisszőlős;73;79;152
VES;Kolontár;364;383;747
VES;Kővágóörs;403;352;755
VES;Köveskál;190;172;362
VES;Kup;231;225;456
VES;Külsővat;353;388;741
VES;Küngös;275;271;546
VES;Lesencefalu;160;163;323
VES;Lesenceistvánd;517;474;991
VES;Lesencetomaj;584;535;1119
VES;Litér;1154;1121;2275
VES;Lókút;238;243;481
VES;Lovas;268;233;501
VES;Lovászpatona;594;589;1183
VES;Magyargencs;238;257;495
VES;Magyarpolány;667;673;1340
VES;Malomsok;263;260;523
VES;Marcalgergelyi;187;180;367
VES;Marcaltő;375;379;754
VES;Márkó;796;798;1594
VES;Megyer;21;14;35
VES;Mencshely;131;143;274
VES;Mezőlak;492;490;982
VES;Mihályháza;382;349;731
VES;Mindszentkálla;123;126;249
VES;Monostorapáti;578;587;1165
VES;Monoszló;60;62;122
VES;Nagyacsád;334;320;654
VES;Nagyalásony;258;252;510
VES;Nagydém;175;176;351
VES;Nagyesztergár;602;571;1173
VES;Nagygyimót;280;280;560
VES;Nagypirit;129;130;259
VES;Nagytevel;291;263;554
VES;Nagyvázsony;925;913;1838
VES;Nemesgörzsöny;327;323;650
VES;Nemesgulács;496;503;999
VES;Nemeshany;195;173;368
VES;Nemesszalók;429;417;846
VES;Nemesvámos;1545;1487;3032
VES;Nemesvita;177;170;347
VES;Németbánya;63;60;123
VES;Nóráp;104;111;215
VES;Noszlop;532;472;1004
VES;Nyárád;464;466;930
VES;Nyirád;948;999;1947
VES;Óbudavár;35;31;66
VES;Olaszfalu;528;530;1058
VES;Oroszi;74;73;147
VES;Öcs;101;108;209
VES;Örvényes;83;70;153
VES;Ősi;1048;1027;2075
VES;Öskü;1136;1139;2275
VES;Paloznak;290;264;554
VES;Pápadereske;144;142;286
VES;Pápakovácsi;287;282;569
VES;Pápasalamon;177;189;366
VES;Pápateszér;629;602;1231
VES;Papkeszi;823;788;1611
VES;Pécsely;292;300;592
VES;Pénzesgyőr;173;152;325
VES;Porva;255;247;502
VES;Pula;92;101;193
VES;Pusztamiske;233;229;462
VES;Raposka;136;133;269
VES;Rigács;102;98;200
VES;Salföld;33;37;70
VES;Sáska;145;145;290
VES;Sóly;269;272;541
VES;Somlójenő;147;147;294
VES;Somlószőlős;318;328;646
VES;Somlóvásárhely;609;566;1175
VES;Somlóvecse;40;45;85
VES;Sümegprága;287;321;608
VES;Szápár;235;265;500
VES;Szentantalfa;260;257;517
VES;Szentbékkálla;106;106;212
VES;Szentgál;1420;1393;2813
VES;Szentimrefalva;96;109;205
VES;Szentjakabfa;58;59;117
VES;Szentkirályszabadja;1061;1041;2102
VES;Szigliget;465;466;931
VES;Szőc;215;231;446
VES;Tagyon;51;53;104
VES;Takácsi;449;416;865
VES;Taliándörögd;347;331;678
VES;Tés;440;423;863
VES;Tihany;651;700;1351
VES;Tótvázsony;690;728;1418
VES;Tüskevár;287;288;575
VES;Ugod;649;664;1313
VES;Ukk;170;167;337
VES;Úrkút;992;1076;2068
VES;Uzsa;160;163;323
VES;Vanyola;292;288;580
VES;Várkesző;81;97;178
VES;Városlőd;666;686;1352
VES;Vaszar;781;753;1534
VES;Vászoly;138;134;272
VES;Veszprémfajsz;125;129;254
VES;Veszprémgalsa;141;135;276
VES;Vid;69;73;142
VES;Vigántpetend;108;95;203
VES;Vilonya;352;329;681
VES;Vinár;111;119;230
VES;Vöröstó;48;44;92
VES;Zalaerdőd;123;137;260
VES;Zalagyömörő;201;205;406
VES;Zalahaláp;645;638;1283
VES;Zalameggyes;32;27;59
VES;Zalaszegvár;82;80;162
VES;Zánka;509;501;1010
ZAL;Zalaegerszeg;26871;30088;56959
ZAL;Nagykanizsa;21768;24511;46279
ZAL;Hévíz;2131;2568;4699
ZAL;Keszthely;8826;10290;19116
ZAL;Lenti;3755;4088;7843
ZAL;Letenye;1900;2110;4010
ZAL;Pacsa;829;837;1666
ZAL;Zalakaros;1295;1360;2655
ZAL;Zalalövő;1413;1448;2861
ZAL;Zalaszentgrót;3119;3272;6391
ZAL;Gyenesdiás;1971;2102;4073
ZAL;Vonyarcvashegy;1278;1328;2606
ZAL;Alibánfa;223;211;434
ZAL;Almásháza;48;43;91
ZAL;Alsónemesapáti;338;344;682
ZAL;Alsópáhok;703;791;1494
ZAL;Alsórajk;149;175;324
ZAL;Alsószenterzsébet;29;25;54
ZAL;Babosdöbréte;257;260;517
ZAL;Baglad;17;25;42
ZAL;Bagod;632;616;1248
ZAL;Bak;776;827;1603
ZAL;Baktüttös;182;179;361
ZAL;Balatongyörök;690;696;1386
ZAL;Balatonmagyaród;221;263;484
ZAL;Bánokszentgyörgy;304;302;606
ZAL;Barlahida;73;59;132
ZAL;Batyk;195;208;403
ZAL;Bázakerettye;385;374;759
ZAL;Becsehely;980;1044;2024
ZAL;Becsvölgye;369;405;774
ZAL;Belezna;343;354;697
ZAL;Belsősárd;48;46;94
ZAL;Bezeréd;80;74;154
ZAL;Bocfölde;586;595;1181
ZAL;Bocska;151;152;303
ZAL;Bókaháza;155;145;300
ZAL;Boncodfölde;174;173;347
ZAL;Borsfa;345;362;707
ZAL;Böde;124;159;283
ZAL;Bödeháza;24;26;50
ZAL;Börzönce;20;27;47
ZAL;Búcsúszentlászló;369;391;760
ZAL;Bucsuta;106;109;215
ZAL;Csapi;86;78;164
ZAL;Csatár;252;279;531
ZAL;Cserszegtomaj;1709;1710;3419
ZAL;Csertalakos;25;21;46
ZAL;Csesztreg;415;429;844
ZAL;Csonkahegyhát;151;185;336
ZAL;Csöde;45;44;89
ZAL;Csömödér;295;316;611
ZAL;Csörnyeföld;185;236;421
ZAL;Dióskál;249;239;488
ZAL;Dobri;75;91;166
ZAL;Dobronhegy;75;65;140
ZAL;Döbröce;49;36;85
ZAL;Dötk;23;24;47
ZAL;Egeraracsa;155;155;310
ZAL;Egervár;492;529;1021
ZAL;Eszteregnye;321;352;673
ZAL;Esztergályhorváti;233;202;435
ZAL;Felsőpáhok;336;391;727
ZAL;Felsőrajk;377;360;737
ZAL;Felsőszenterzsébet;10;7;17
ZAL;Fityeház;299;328;627
ZAL;Fűzvölgy;73;68;141
ZAL;Gáborjánháza;34;39;73
ZAL;Galambok;676;672;1348
ZAL;Garabonc;358;343;701
ZAL;Gellénháza;758;779;1537
ZAL;Gelse;527;525;1052
ZAL;Gelsesziget;143;119;262
ZAL;Gétye;62;50;112
ZAL;Gombosszeg;30;22;52
ZAL;Gosztola;34;36;70
ZAL;Gősfa;149;157;306
ZAL;Gutorfölde;504;461;965
ZAL;Gyűrűs;51;47;98
ZAL;Hagyárosbörönd;149;150;299
ZAL;Hahót;509;516;1025
ZAL;Hernyék;44;38;82
ZAL;Homokkomárom;112;107;219
ZAL;Hosszúvölgy;91;94;185
ZAL;Hottó;172;176;348
ZAL;Iborfia;6;5;11
ZAL;Iklódbördőce;157;154;311
ZAL;Kacorlak;97;105;202
ZAL;Kallósd;48;51;99
ZAL;Kálócfa;79;76;155
ZAL;Kányavár;75;59;134
ZAL;Karmacs;365;395;760
ZAL;Kávás;114;129;243
ZAL;Kehidakustány;543;550;1093
ZAL;Kemendollár;246;249;495
ZAL;Keménfa;41;45;86
ZAL;Kerecseny;134;131;265
ZAL;Kerkabarabás;157;146;303
ZAL;Kerkafalva;60;56;116
ZAL;Kerkakutas;58;60;118
ZAL;Kerkaszentkirály;114;120;234
ZAL;Kerkateskánd;91;81;172
ZAL;Kilimán;108;114;222
ZAL;Kisbucsa;223;208;431
ZAL;Kiscsehi;89;94;183
ZAL;Kisgörbő;97;99;196
ZAL;Kiskutas;102;99;201
ZAL;Kispáli;131;145;276
ZAL;Kisrécse;96;93;189
ZAL;Kissziget;97;90;187
ZAL;Kistolmács;81;91;172
ZAL;Kisvásárhely;20;29;49
ZAL;Kozmadombja;22;17;39
ZAL;Kustánszeg;243;224;467
ZAL;Külsősárd;34;36;70
ZAL;Lakhegy;220;238;458
ZAL;Lasztonya;37;29;66
ZAL;Lendvadedes;17;17;34
ZAL;Lendvajakabfa;26;23;49
ZAL;Lickóvadamos;92;92;184
ZAL;Ligetfalva;27;30;57
ZAL;Lispeszentadorján;144;156;300
ZAL;Liszó;179;200;379
ZAL;Lovászi;568;590;1158
ZAL;Magyarföld;27;27;54
ZAL;Magyarszentmiklós;131;132;263
ZAL;Magyarszerdahely;245;263;508
ZAL;Maróc;35;41;76
ZAL;Márokföld;31;32;63
ZAL;Miháld;379;397;776
ZAL;Mihályfa;201;150;351
ZAL;Mikekarácsonyfa;161;179;340
ZAL;Milejszeg;159;160;319
ZAL;Misefa;140;141;281
ZAL;Molnári;345;344;689
ZAL;Murakeresztúr;835;877;1712
ZAL;Murarátka;128;112;240
ZAL;Muraszemenye;248;258;506
ZAL;Nagybakónak;207;201;408
ZAL;Nagygörbő;79;80;159
ZAL;Nagykapornak;441;467;908
ZAL;Nagykutas;220;240;460
ZAL;Nagylengyel;244;247;491
ZAL;Nagypáli;287;258;545
ZAL;Nagyrada;261;240;501
ZAL;Nagyrécse;529;572;1101
ZAL;Nemesapáti;263;254;517
ZAL;Nemesbük;381;419;800
ZAL;Nemeshetés;140;138;278
ZAL;Nemesnép;69;65;134
ZAL;Nemespátró;131;145;276
ZAL;Nemesrádó;164;170;334
ZAL;Nemessándorháza;163;164;327
ZAL;Nemesszentandrás;138;128;266
ZAL;Németfalu;91;108;199
ZAL;Nova;373;401;774
ZAL;Óhíd;270;263;533
ZAL;Oltárc;138;124;262
ZAL;Orbányosfa;54;62;116
ZAL;Ormándlak;52;49;101
ZAL;Orosztony;220;216;436
ZAL;Ortaháza;48;61;109
ZAL;Ozmánbük;87;100;187
ZAL;Padár;64;53;117
ZAL;Páka;555;565;1120
ZAL;Pakod;408;443;851
ZAL;Pálfiszeg;85;84;169
ZAL;Pat;100;101;201
ZAL;Pethőhenye;223;208;431
ZAL;Petrikeresztúr;176;190;366
ZAL;Petrivente;166;185;351
ZAL;Pókaszepetk;474;466;940
ZAL;Pórszombat;136;140;276
ZAL;Pölöske;438;408;846
ZAL;Pölöskefő;205;188;393
ZAL;Pördefölde;31;28;59
ZAL;Pötréte;150;142;292
ZAL;Pusztaapáti;15;12;27
ZAL;Pusztaederics;91;79;170
ZAL;Pusztamagyaród;275;271;546
ZAL;Pusztaszentlászló;261;291;552
ZAL;Ramocsa;29;12;41
ZAL;Rédics;455;460;915
ZAL;Resznek;141;130;271
ZAL;Rezi;701;720;1421
ZAL;Rigyác;197;208;405
ZAL;Salomvár;303;294;597
ZAL;Sand;186;194;380
ZAL;Sárhida;389;393;782
ZAL;Sármellék;892;973;1865
ZAL;Semjénháza;287;279;566
ZAL;Sénye;34;31;65
ZAL;Sormás;436;439;875
ZAL;Söjtör;753;772;1525
ZAL;Surd;281;310;591
ZAL;Sümegcsehi;294;328;622
ZAL;Szalapa;84;104;188
ZAL;Szécsisziget;105;106;211
ZAL;Szentgyörgyvár;178;161;339
ZAL;Szentgyörgyvölgy;204;187;391
ZAL;Szentkozmadombja;27;34;61
ZAL;Szentliszló;137;153;290
ZAL;Szentmargitfalva;47;30;77
ZAL;Szentpéterfölde;64;75;139
ZAL;Szentpéterúr;525;512;1037
ZAL;Szepetnek;729;811;1540
ZAL;Szijártóháza;17;12;29
ZAL;Szilvágy;93;99;192
ZAL;Tekenye;226;241;467
ZAL;Teskánd;579;587;1166
ZAL;Tilaj;98;81;179
ZAL;Tófej;332;350;682
ZAL;Tormafölde;175;174;349
ZAL;Tornyiszentmiklós;260;262;522
ZAL;Tótszentmárton;412;401;813
ZAL;Tótszerdahely;514;567;1081
ZAL;Türje;784;830;1614
ZAL;Újudvar;491;471;962
ZAL;Valkonya;38;31;69
ZAL;Vállus;66;59;125
ZAL;Várfölde;118;100;218
ZAL;Várvölgy;536;512;1048
ZAL;Vasboldogasszony;269;275;544
ZAL;Vaspör;175;161;336
ZAL;Vindornyafok;71;66;137
ZAL;Vindornyalak;41;42;83
ZAL;Vindornyaszőlős;171;168;339
ZAL;Vöckönd;44;44;88
ZAL;Zajk;113;134;247
ZAL;Zalaapáti;837;852;1689
ZAL;Zalabaksa;302;326;628
ZAL;Zalabér;349;404;753
ZAL;Zalaboldogfa;188;173;361
ZAL;Zalacsány;529;507;1036
ZAL;Zalacséb;245;250;495
ZAL;Zalaháshágy;184;187;371
ZAL;Zalaigrice;64;53;117
ZAL;Zalaistvánd;185;178;363
ZAL;Zalakomár;1412;1509;2921
ZAL;Zalaköveskút;16;14;30
ZAL;Zalamerenye;91;96;187
ZAL;Zalasárszeg;69;66;135
ZAL;Zalaszabar;292;291;583
ZAL;Zalaszántó;471;488;959
ZAL;Zalaszentbalázs;396;419;815
ZAL;Zalaszentgyörgy;201;215;416
ZAL;Zalaszentiván;506;522;1028
ZAL;Zalaszentjakab;161;163;324
ZAL;Zalaszentlászló;375;414;789
ZAL;Zalaszentlőrinc;142;136;278
ZAL;Zalaszentmárton;37;36;73
ZAL;Zalaszentmihály;494;504;998
ZAL;Zalaszombatfa;23;26;49
ZAL;Zalatárnok;312;303;615
ZAL;Zalaújlak;58;49;107
ZAL;Zalavár;453;485;938
ZAL;Zalavég;188;152;340
ZAL;Zebecke;36;33;69
